1296465952 9450325 59.85066 10.781919 234081 1004
1296465953 9451326 59.850804 10.781895 341596 1001
1296465954 9452335 59.850888 10.781869 203492 1009
1296465955 9453345 59.850888 10.781869 159551 1009
1296465956 9454346 59.85107 10.781838 198809 1001
1296465957 9455356 59.851173 10.781819 183395 1010
1296465958 9456357 59.851173 10.781819 132953 1001
1296465959 9457366 59.851384 10.781781 208814 1009
1296465960 9458466 59.85149 10.781779 248728 1100
1296465961 9459467 59.85149 10.781779 265557 1001
1296465962 9460476 59.851713 10.781835 294129 1009
1296465963 9461477 59.85183 10.781893 350154 1001
1296465964 9462597 59.85183 10.781893 331158 1120
1296465965 9463607 59.852063 10.782078 308375 1010
1296465966 9464717 59.852177 10.78217 244854 1110
1296465967 9465718 59.852177 10.78217 364649 1001
1296465968 9466719 59.852413 10.782359 311544 1001
1296465969 9467727 59.852524 10.782448 266671 1008
1296465970 9468728 59.852524 10.782448 227270 1001
1296465971 9469737 59.852744 10.782648 232618 1009
1296465972 9470738 59.85285 10.782737 213408 1001
1296465973 9471739 59.85285 10.782737 211104 1001
1296465974 9472748 59.853074 10.782937 230754 1009
1296465975 9473878 59.853185 10.783026 217481 1130
1296465976 9474888 59.85329 10.783133 154584 1010
1296465977 9475958 59.853409 10.783225 124911 1070
1296465978 9476968 59.853514 10.783332 147744 1010
1296465979 9478068 59.853619 10.783439 119060 1100
1296465980 9479069 59.853736 10.783549 161424 1001
1296465981 9480079 59.853851 10.783642 126220 1010
1296465982 9481089 59.853968 10.783752 206568 1010
1296465983 9482099 59.854082 10.783845 192439 1010
1296465984 9483109 59.854201 10.783937 153582 1010
1296465985 9484110 59.854319 10.78403 194256 1001
1296465986 9485111 59.854431 10.784119 232012 1001
1296465987 9486120 59.854551 10.784194 238677 1009
1296465988 9487121 59.854666 10.784269 238583 1001
1296465989 9488130 59.85478 10.784324 255919 1009
1296465991 9489320 59.854888 10.784396 220940 1190
1296465992 9490330 59.855119 10.784507 277704 1010
1296465993 9491331 59.85525 10.784551 250761 1001
1296465994 9492341 59.85525 10.784551 190152 1010
1296465995 9493481 59.855504 10.784634 148167 1140
1296465996 9494490 59.855634 10.784678 198360 1009
1296465997 9495491 59.855634 10.784678 148927 1001
1296465998 9496511 59.855903 10.784729 147744 1020
1296465999 9497641 59.856046 10.784776 100992 1130
1296466000 9498642 59.856046 10.784776 162792 1001
1296466001 9499651 59.85633 10.784849 202304 1009
1296466002 9500662 59.856473 10.784896 209884 1011
1296466003 9501672 59.856473 10.784896 235132 1010
1296466004 9502681 59.856769 10.784971 169632 1009
1296466005 9503692 59.856907 10.78498 188626 1011
1296466006 9504702 59.856907 10.78498 255958 1010
1296466007 9505902 59.857192 10.784944 302233 1200
1296466008 9506903 59.857322 10.784896 346104 1001
1296466009 9507904 59.857451 10.784828 329104 1001
1296466010 9508905 59.857584 10.784745 418664 1001
1296466011 9509913 59.857708 10.784677 329165 1008
1296466012 9510923 59.857837 10.784608 322404 1010
1296466013 9511934 59.85796 10.784557 320986 1011
1296466014 9512944 59.858082 10.784507 245040 1010
1296466015 9513945 59.85821 10.784494 300960 1001
1296466016 9514953 59.858328 10.784496 149663 1008
1296466017 9515954 59.858453 10.784518 206568 1001
1296466018 9516965 59.858562 10.784572 195620 1011
1296466019 9518153 59.858682 10.784648 268042 1188
1296466020 9519154 59.858789 10.784737 351576 1001
1296466021 9520155 59.858892 10.784861 213715 1001
1296466022 9521156 59.859002 10.785007 194947 1001
1296466023 9522165 59.859103 10.785166 335160 1009
1296466024 9523175 59.859201 10.785308 240228 1010
1296466025 9524176 59.859304 10.785432 233038 1001
1296466026 9525186 59.859397 10.785536 264024 1010
1296466027 9526187 59.859502 10.785643 265776 1001
1296466028 9527195 59.859598 10.785711 265392 1008
1296466029 9528196 59.8597 10.785762 242607 1001
1296466030 9529206 59.85981 10.785816 221220 1010
1296466032 9530325 59.86003 10.785816 259720 1119
1296466033 9531335 59.86003 10.785816 310536 1010
1296466034 9532336 59.860248 10.785743 217039 1001
1296466035 9533337 59.860366 10.785692 253080 1001
1296466036 9534346 59.860366 10.785692 203302 1009
1296466037 9535347 59.860608 10.785573 299592 1001
1296466038 9536349 59.860732 10.785504 306875 1002
1296466039 9537350 59.860732 10.785504 283961 1001
1296466040 9538356 59.860987 10.785388 285978 1006
1296466041 9539367 59.861123 10.785323 330935 1011
1296466042 9540427 59.861123 10.785323 349700 1060
1296466043 9541429 59.861382 10.785207 259920 1002
1296466044 9542437 59.861511 10.785139 201712 1008
1296466045 9543438 59.861511 10.785139 230378 1001
1296466046 9544447 59.861776 10.785005 305064 1009
1296466047 9545608 59.861912 10.78494 264597 1161
1296466048 9546668 59.861912 10.78494 269678 1060
1296466049 9547747 59.862189 10.78481 288799 1079
1296466050 9548748 59.862325 10.784745 265392 1001
1296466051 9549749 59.862325 10.784745 291484 1001
1296466052 9550750 59.862604 10.784597 268003 1001
1296466053 9551758 59.862752 10.784535 294221 1008
1296466054 9552768 59.862888 10.78447 279128 1010
1296466055 9553769 59.863037 10.784408 258846 1001
1296466056 9554770 59.863181 10.784346 370728 1001
1296466057 9555779 59.863323 10.784264 301356 1009
1296466058 9556780 59.863467 10.784202 301723 1001
1296466059 9557789 59.863603 10.784137 285310 1009
1296466060 9558899 59.86375 10.784092 335456 1110
1296466061 9559900 59.863893 10.784048 326364 1001
1296466062 9560901 59.864026 10.784018 268128 1001
1296466063 9561902 59.864155 10.783988 224138 1001
1296466064 9562910 59.864282 10.783976 310536 1008
1296466065 9563911 59.864414 10.783963 236535 1001
1296466066 9564920 59.864528 10.783965 246240 1009
1296466067 9565921 59.864639 10.783963 192374 1001
1296466068 9566930 59.864752 10.783965 251712 1009
1296466069 9568000 59.864752 10.783965 166132 1070
1296466070 9569001 59.864956 10.783976 199728 1001
1296466071 9570011 59.865053 10.783988 237009 1010
1296466072 9571031 59.865146 10.784001 280440 1020
1296466073 9572032 59.865223 10.784006 256619 1001
1296466074 9573041 59.865303 10.784016 226190 1009
1296466075 9574051 59.865384 10.784025 291384 1010
1296466076 9575072 59.865452 10.784031 232521 1021
1296466077 9576082 59.865521 10.784037 317376 1010
1296466078 9577093 59.865583 10.784022 247515 1011
1296466079 9578102 59.865645 10.784006 184680 1009
1296466080 9579122 59.865707 10.783991 171331 1020
1296466081 9580142 59.865763 10.783956 175104 1020
1296466082 9581152 59.865827 10.783923 147744 1010
1296466083 9582153 59.865881 10.783905 95944 1001
1296466084 9583154 59.86593 10.783865 136800 1001
1296466085 9584163 59.865984 10.783847 151848 1009
1296466086 9585182 59.866019 10.783822 109951 1019
1296466087 9586193 59.866046 10.783794 161424 1011
1296466088 9587203 59.866055 10.783779 118870 1010
1296466089 9588233 59.866067 10.783783 140904 1030
1296466090 9589243 59.866069 10.783765 133465 1010
1296466091 9590253 59.86607 10.783709 164160 1010
1296466092 9591263 59.86607 10.783709 118010 1010
1296466094 9592323 59.866062 10.783706 117940 1060
1296466095 9593324 59.866078 10.783713 108072 1001
1296466096 9594494 59.866078 10.783713 106570 1170
1296466097 9595504 59.866117 10.783673 150480 1010
1296466098 9596524 59.866144 10.783645 116171 1020
1296466099 9597534 59.866144 10.783645 186048 1010
1296466100 9598544 59.866219 10.783619 217873 1010
1296466101 9599634 59.866272 10.783604 279880 1090
1296466102 9600635 59.866272 10.783604 280440 1001
1296466103 9601645 59.866382 10.78355 226237 1010
1296466104 9602646 59.866444 10.783496 325584 1001
1296466105 9603655 59.866444 10.783496 234052 1009
1296466106 9604665 59.866614 10.783385 375543 1010
1296466107 9605666 59.866706 10.783321 333967 1001
1296466108 9606676 59.866706 10.783321 366002 1010
1296466109 9607685 59.866898 10.783273 250075 1009
1296466110 9608696 59.866997 10.783268 295146 1010
1296466111 9609697 59.866997 10.783268 294120 1001
1296466112 9610706 59.867209 10.783303 210814 1009
1296466113 9611707 59.867313 10.783336 206523 1001
1296466114 9612716 59.867313 10.783336 273600 1009
1296466115 9613724 59.867565 10.783384 239349 1008
1296466116 9614747 59.8677 10.783375 293214 1023
1296466117 9615757 59.8677 10.783375 291384 1010
1296466118 9616767 59.867958 10.783354 212413 1010
1296466119 9617768 59.868088 10.783306 291340 1001
1296466120 9618777 59.868226 10.783262 277704 1009
1296466121 9619787 59.86837 10.7832 194541 1010
1296466122 9620788 59.868503 10.783117 190152 1001
1296466123 9621877 59.868503 10.783117 177297 1089
1296466124 9622878 59.868769 10.782899 176472 1001
1296466125 9623887 59.868898 10.782778 161424 1009
1296466126 9625058 59.869023 10.78264 129767 1171
1296466127 9626078 59.869153 10.782501 99864 1020
1296466128 9627088 59.869285 10.782383 127224 1010
1296466129 9628098 59.869415 10.782245 88920 1010
1296466130 9629108 59.869545 10.782106 51984 1010
1296466131 9630138 59.869682 10.781971 39672 1030
1296466132 9631158 59.869812 10.781832 43776 1020
1296466133 9632215 59.869947 10.781679 43971 1057
1296466134 9633219 59.870084 10.781544 38304 1004
1296466135 9634259 59.870224 10.781391 36936 1040
1296466136 9635299 59.870361 10.781256 28728 1040
1296466138 9636309 59.870499 10.781121 27360 1010
1296466139 9637319 59.870641 10.780985 16416 1010
1296466140 9638529 59.870922 10.78075 16416 1210
1296466141 9639559 59.870922 10.78075 23256 1030
1296466143 9641770 59.871223 10.780559 12312 2211
1296466144 9642870 59.871375 10.780462 1368 1100
1296466160 9659254 59.871673 10.780307 1368 16384
1296466162 9660762 59.873391 10.779366 63574 1508
1296466163 9661763 59.873405 10.779351 127661 1001
1296466164 9662764 59.873411 10.779334 127501 1001
1296466165 9663773 59.873408 10.779331 139367 1009
1296466166 9664783 59.873408 10.779331 157757 1009
1296466167 9665784 59.8734 10.779327 161871 1001
1296466168 9666785 59.873405 10.779327 169716 1001
1296466169 9667793 59.873405 10.779327 183232 1008
1296466170 9668824 59.873406 10.77931 237291 1031
1296466171 9670013 59.873418 10.779313 252499 1189
1296466172 9671024 59.873433 10.779281 246861 1011
1296466173 9672174 59.873447 10.779267 298330 1150
1296466175 9673344 59.873474 10.779239 264024 1170
1296466176 9674375 59.87356 10.779178 204816 1031
1296466177 9675376 59.87356 10.779178 281808 1001
1296466178 9676384 59.873693 10.779095 199684 1008
1296466179 9677385 59.873775 10.779048 213485 1001
1296466180 9678395 59.873775 10.779048 224505 1010
1296466181 9679405 59.873949 10.778923 234507 1010
1296466182 9680414 59.874048 10.778865 246054 1009
1296466183 9681425 59.874048 10.778865 256090 1011
1296466184 9682426 59.874264 10.778718 332424 1001
1296466185 9683427 59.874385 10.778632 212053 1001
1296466186 9684435 59.874385 10.778632 245495 1008
1296466187 9685596 59.874635 10.778425 288492 1161
1296466188 9686766 59.874763 10.778304 309668 1170
1296466189 9687946 59.874896 10.778183 318539 1180
1296466190 9689106 59.875032 10.778065 311831 1160
1296466191 9690146 59.875168 10.777947 265375 1040
1296466192 9691286 59.87531 10.777812 297265 1140
1296466194 9692316 59.875439 10.777691 275492 1030
1296466195 9693317 59.87558 10.777573 325584 1001
1296466196 9694318 59.875716 10.777455 264743 1001
1296466197 9695319 59.87585 10.777317 269563 1001
1296466198 9696327 59.875983 10.777195 260453 1008
1296466199 9697328 59.876113 10.777057 256537 1001
1296466200 9698338 59.876382 10.776818 325584 1010
1296466201 9699339 59.876382 10.776818 257972 1001
1296466202 9700358 59.876656 10.776579 335160 1019
1296466203 9701359 59.876792 10.776461 331056 1001
1296466204 9702368 59.876792 10.776461 279395 1009
1296466205 9703369 59.877078 10.776264 247892 1001
1296466206 9704408 59.87722 10.776181 333792 1039
1296466207 9705409 59.87722 10.776181 255510 1001
1296466208 9706550 59.877509 10.77604 270886 1141
1296466209 9707559 59.877659 10.775961 298571 1009
1296466210 9708569 59.877659 10.775961 268023 1010
1296466211 9709658 59.877944 10.775834 311244 1089
1296466212 9710669 59.878088 10.775772 331056 1010
1296466213 9711678 59.878088 10.775772 269209 1009
1296466214 9712679 59.87838 10.775686 332424 1001
1296466215 9713689 59.878524 10.775625 263102 1009
1296466216 9714690 59.878524 10.775625 331056 1001
1296466217 9715699 59.87881 10.77548 253323 1009
1296466218 9716700 59.878956 10.775401 255177 1001
1296466219 9717710 59.878956 10.775401 274457 1010
1296466220 9718840 59.879225 10.775214 305348 1129
1296466221 9719900 59.879352 10.775111 271421 1060
1296466222 9720970 59.879479 10.775007 279169 1070
1296466223 9722120 59.879598 10.7749 291385 1150
1296466224 9723121 59.879719 10.774776 281808 1001
1296466225 9724130 59.879839 10.774669 186625 1009
1296466226 9725140 59.879966 10.774565 212040 1010
1296466227 9726260 59.880081 10.774458 75236 1120
1296466229 9727591 59.880081 10.774458 17784 1331
1296466230 9728671 59.880407 10.774113 401577 1080
1296466231 9729672 59.880407 10.774113 317404 1001
1296466232 9730673 59.880635 10.773864 323037 1001
1296466233 9731681 59.880753 10.773722 353926 1008
1296466234 9732682 59.880753 10.773722 353980 1001
1296466235 9733691 59.880976 10.773435 339472 1009
1296466236 9734692 59.881099 10.773293 252256 1001
1296466237 9735693 59.881099 10.773293 279072 1001
1296466238 9736702 59.881357 10.77298 287143 1009
1296466239 9737703 59.881482 10.772803 253047 1001
1296466240 9738712 59.881482 10.772803 240768 1009
1296466241 9739722 59.881743 10.77247 178683 1010
1296466242 9740723 59.881875 10.772313 248976 1001
1296466243 9741743 59.881875 10.772313 222764 1020
1296466244 9742752 59.882143 10.771983 209304 1009
1296466245 9743753 59.882284 10.771813 199474 1001
1296466246 9744773 59.882284 10.771813 292752 1020
1296466247 9745774 59.882553 10.771483 245696 1001
1296466248 9746885 59.882692 10.77133 245517 1111
1296466249 9747894 59.882823 10.771174 264024 1009
1296466250 9748904 59.882954 10.771017 222759 1010
1296466251 9749905 59.883086 10.770861 289313 1001
1296466252 9751023 59.883216 10.770684 337858 1118
1296466253 9752024 59.883347 10.770528 372096 1001
1296466254 9753025 59.88348 10.770354 275339 1001
1296466255 9754026 59.883604 10.770194 294120 1001
1296466256 9755034 59.883733 10.770055 241296 1008
1296466257 9756044 59.883854 10.769931 326952 1010
1296466258 9757045 59.883978 10.76981 224232 1001
1296466259 9758047 59.884099 10.769685 295488 1002
1296466260 9759055 59.884214 10.769578 217367 1008
1296466261 9760235 59.88432 10.769485 361794 1180
1296466262 9761236 59.884412 10.769407 361152 1001
1296466263 9762237 59.884486 10.769357 303043 1001
1296466264 9763238 59.884547 10.769321 283801 1001
1296466265 9764246 59.884595 10.769282 311767 1008
1296466266 9765256 59.884621 10.769271 352697 1010
1296466268 9766406 59.884648 10.769242 310268 1150
1296466269 9767408 59.88464 10.769239 374665 1002
1296466270 9768416 59.88464 10.769239 351880 1008
1296466271 9769417 59.884631 10.769253 397473 1001
1296466272 9770427 59.884631 10.769253 393522 1010
1296466273 9771428 59.884631 10.769253 369360 1001
1296466274 9773177 59.884628 10.76925 101159 1749
1296466275 9774178 59.884625 10.769246 738805 1001
1296466276 9775297 59.884625 10.769246 295078 1119
1296466278 9776437 59.884637 10.769211 354885 1140
1296466279 9777587 59.884637 10.769211 375560 1150
1296466280 9778588 59.884662 10.769162 436392 1001
1296466281 9779593 59.884691 10.769116 323768 1005
1296466282 9780608 59.884691 10.769116 274910 1015
1296466283 9781618 59.884759 10.769045 373636 1010
1296466284 9782808 59.884809 10.768988 405979 1190
1296466285 9783809 59.884857 10.768949 392616 1001
1296466286 9784810 59.884919 10.768895 266121 1001
1296466287 9785928 59.884989 10.768845 268276 1118
1296466288 9786929 59.885072 10.768781 166896 1001
1296466289 9787930 59.885155 10.768717 269496 1001
1296466290 9788939 59.885243 10.768652 241486 1009
1296466291 9789948 59.885335 10.768574 226203 1009
1296466292 9790949 59.885438 10.768516 273600 1001
1296466293 9791959 59.885542 10.768441 197153 1010
1296466294 9793129 59.885651 10.768365 276164 1170
1296466295 9794159 59.885755 10.76829 283437 1030
1296466296 9795160 59.885873 10.768201 315288 1001
1296466297 9796229 59.885991 10.768111 273746 1069
1296466298 9797231 59.886105 10.768022 310388 1002
1296466299 9798240 59.886223 10.767932 386398 1009
1296466300 9799241 59.886342 10.767825 312441 1001
1296466301 9800242 59.886449 10.767715 327717 1001
1296466302 9801250 59.886564 10.767608 331509 1008
1296466303 9802261 59.886676 10.767498 347471 1011
1296466304 9803271 59.886789 10.76737 342013 1010
1296466305 9804272 59.886912 10.767228 433640 1001
1296466306 9805281 59.887028 10.767103 262339 1009
1296466307 9806282 59.887144 10.76694 254235 1001
1296466308 9807291 59.887262 10.766798 277588 1009
1296466309 9808301 59.887386 10.766639 179039 1010
1296466311 9809316 59.887508 10.766496 280612 1015
1296466312 9810441 59.887627 10.766337 275805 1125
1296466313 9811552 59.887869 10.766035 338684 1111
1296466314 9812562 59.887991 10.765893 387572 1010
1296466315 9813622 59.887991 10.765893 407759 1060
1296466316 9814623 59.888236 10.765609 515736 1001
1296466317 9815624 59.888357 10.765484 307795 1001
1296466318 9816632 59.888357 10.765484 309768 1008
1296466319 9817633 59.888607 10.765221 224246 1001
1296466320 9818713 59.888728 10.765096 307862 1080
1296466321 9819714 59.888728 10.765096 352944 1001
1296466322 9820723 59.888971 10.76483 291755 1009
1296466323 9821724 59.8891 10.764708 311904 1001
1296466324 9822733 59.8891 10.764708 249899 1009
1296466325 9823735 59.889344 10.764424 282018 1002
1296466326 9824736 59.889456 10.764261 290874 1001
1296466327 9825743 59.889456 10.764261 288268 1007
1296466328 9826744 59.889675 10.763897 241267 1001
1296466329 9827745 59.889774 10.763692 328385 1001
1296466330 9828746 59.889774 10.763692 331145 1001
1296466331 9829754 59.889975 10.763286 321559 1008
1296466332 9830894 59.890087 10.763084 311994 1140
1296466333 9831914 59.890194 10.762883 349584 1020
1296466334 9832915 59.890311 10.762702 336849 1001
1296466335 9833924 59.890433 10.762508 295154 1009
1296466336 9834925 59.890551 10.762327 237436 1001
1296466337 9836005 59.890676 10.76215 256763 1080
1296466338 9837015 59.8908 10.76199 305684 1010
1296466339 9838135 59.890927 10.761834 301865 1120
1296466340 9839137 59.891052 10.761657 227088 1002
1296466341 9840155 59.891176 10.761497 178764 1018
1296466342 9841156 59.891295 10.761337 187416 1001
1296466344 9842586 59.891544 10.761039 104428 1430
1296466345 9843605 59.891544 10.761039 88920 1019
1296466346 9844606 59.891793 10.76074 42408 1001
1296466347 9845616 59.891919 10.760602 73872 1010
1296466348 9846632 59.891919 10.760602 140904 1016
1296466349 9847676 59.892173 10.760341 128844 1044
1296466350 9848677 59.892294 10.760217 255816 1001
1296466351 9849678 59.892294 10.760217 238615 1001
1296466352 9850697 59.892541 10.759974 226600 1019
1296466353 9851917 59.892668 10.759871 333139 1220
1296466354 9852997 59.892785 10.759746 342989 1080
1296466355 9854197 59.892907 10.759642 387739 1200
1296466356 9855207 59.893024 10.759518 206568 1010
1296466357 9856298 59.893139 10.759411 43776 1091
1296466359 9857313 59.893266 10.759307 68400 1015
1296466360 9858498 59.893387 10.759221 6840 1185
1296466361 9859499 59.89364 10.759122 139019 1001
1296466362 9860508 59.893782 10.759078 270959 1009
1296466363 9861538 59.893782 10.759078 303112 1030
1296466364 9862539 59.894052 10.759021 262001 1001
1296466365 9863688 59.894184 10.759008 354348 1149
1296466366 9864689 59.894184 10.759008 342000 1001
1296466367 9865699 59.89444 10.758927 244412 1010
1296466368 9866709 59.894564 10.758858 105336 1010
1296466369 9867710 59.894564 10.758858 317792 1001
1296466370 9868720 59.894792 10.758676 257239 1010
1296466371 9869721 59.894909 10.758551 292752 1001
1296466372 9870729 59.894909 10.758551 231486 1008
1296466373 9871730 59.895124 10.758274 315524 1001
1296466374 9872790 59.895216 10.758105 305388 1060
1296466375 9873810 59.895314 10.757956 307800 1020
1296466376 9874820 59.895409 10.757804 135937 1010
1296466377 9875840 59.895501 10.757634 158688 1020
1296466378 9876850 59.895597 10.757464 98496 1010
1296466379 9877860 59.895688 10.757312 107955 1010
1296466380 9878861 59.895787 10.757146 227088 1001
1296466381 9879890 59.895878 10.756994 93128 1029
1296466382 9880901 59.895982 10.756827 35568 1011
1296466383 9881911 59.89609 10.756699 43776 1010
1296466384 9882991 59.896195 10.756571 41040 1080
1296466385 9884011 59.896314 10.756464 28728 1020
1296466386 9885031 59.896427 10.756375 31464 1020
1296466387 9886041 59.896548 10.756288 60192 1010
1296466388 9887051 59.896674 10.756202 86243 1010
1296466389 9888091 59.896798 10.756134 69768 1040
1296466390 9889102 59.896925 10.756068 42408 1011
1296466391 9890122 59.897048 10.756017 31174 1020
1296466393 9891692 59.897177 10.755987 19152 1570
1296466394 9892724 59.897439 10.755965 45144 1032
1296466396 9894305 59.897565 10.75597 4104 1581
1296466397 9895322 59.897697 10.755996 57456 1017
1296466398 9896352 59.897834 10.756022 57211 1030
1296466399 9897362 59.897963 10.756083 62928 1010
1296466400 9898363 59.8981 10.756147 79293 1001
1296466401 9899373 59.898366 10.756325 90846 1010
1296466402 9900394 59.898366 10.756325 145265 1021
1296466403 9901403 59.898636 10.756558 143280 1009
1296466404 9902414 59.898767 10.756693 130859 1011
1296466405 9903424 59.898767 10.756693 132696 1010
1296466406 9904444 59.899035 10.756944 118851 1020
1296466407 9905604 59.899168 10.757061 92498 1160
1296466408 9906754 59.899168 10.757061 115697 1150
1296466409 9907814 59.899424 10.757362 113927 1060
1296466410 9908884 59.899546 10.75751 116577 1070
1296466411 9909984 59.899668 10.757659 122294 1100
1296466412 9911084 59.899784 10.757825 146604 1100
1296466413 9912295 59.899897 10.757988 178481 1211
1296466415 9913317 59.900007 10.758133 171415 1022
1296466416 9914325 59.900115 10.758296 168473 1008
1296466417 9915326 59.900216 10.758456 163367 1001
1296466418 9916335 59.900311 10.758633 124871 1009
1296466419 9917526 59.900476 10.758995 165332 1191
1296466420 9918705 59.900476 10.758995 152694 1179
1296466421 9919826 59.90059 10.759378 150410 1121
1296466422 9920836 59.900635 10.759574 180576 1010
1296466423 9921847 59.900676 10.759752 155322 1011
1296466424 9922856 59.900709 10.759944 170518 1009
1296466425 9923866 59.900748 10.760119 160368 1010
1296466426 9924936 59.900783 10.760276 132371 1070
1296466427 9925947 59.900805 10.760409 136800 1011
1296466428 9926967 59.900814 10.760538 76778 1020
1296466429 9927978 59.900806 10.760644 125856 1011
1296466430 9928988 59.900789 10.760746 145682 1010
1296466431 9929997 59.900773 10.760848 152697 1009
1296466432 9930998 59.900755 10.760967 157420 1001
1296466433 9932008 59.900735 10.761069 155952 1010
1296466434 9933028 59.900733 10.761178 50715 1020
1296466435 9934048 59.900738 10.761269 160056 1020
1296466436 9935057 59.900751 10.761363 111647 1009
1296466437 9936058 59.900765 10.76144 162792 1001
1296466438 9937068 59.900795 10.76152 137835 1010
1296466439 9938069 59.90082 10.761618 139781 1001
1296466440 9939070 59.900852 10.761719 191520 1001
1296466441 9940078 59.900885 10.76182 155571 1008
1296466442 9941089 59.900909 10.761918 201096 1011
1296466443 9942099 59.900929 10.762016 137095 1010
1296466444 9943100 59.900943 10.762093 161424 1001
1296466445 9944109 59.900959 10.762191 131053 1009
1296466446 9945129 59.900959 10.762282 155952 1020
1296466447 9946150 59.900975 10.76238 118285 1021
1296466448 9947159 59.900991 10.762477 166896 1009
1296466449 9948169 59.90102 10.762561 113925 1010
1296466451 9949319 59.901052 10.762609 128443 1150
1296466452 9950320 59.901104 10.762664 123120 1001
1296466453 9951350 59.901154 10.762699 136320 1030
1296466454 9952451 59.90126 10.762735 156409 1101
1296466455 9953460 59.901303 10.762714 162792 1009
1296466456 9954470 59.901303 10.762714 135129 1010
1296466457 9955471 59.90138 10.762667 93443 1001
1296466458 9956661 59.901406 10.762603 143306 1190
1296466459 9957671 59.901406 10.762603 132696 1010
1296466460 9958681 59.901466 10.762423 103462 1010
1296466461 9959691 59.901486 10.762322 146473 1010
1296466462 9960692 59.901486 10.762322 184680 1001
1296466463 9961702 59.901541 10.762065 124892 1010
1296466464 9962711 59.901562 10.761924 132922 1009
1296466465 9963721 59.901562 10.761924 220248 1010
1296466466 9964732 59.901641 10.761622 161124 1011
1296466467 9965733 59.901692 10.761456 205200 1001
1296466468 9966752 59.901692 10.761456 213801 1019
1296466469 9967753 59.901817 10.761149 215556 1001
1296466470 9968762 59.901892 10.760991 216144 1009
1296466471 9969782 59.901892 10.760991 212040 1020
1296466472 9970783 59.902056 10.760736 156517 1001
1296466473 9971822 59.902144 10.760618 145008 1039
1296466474 9972832 59.902239 10.760505 75496 1010
1296466475 9973833 59.90234 10.760412 108072 1001
1296466476 9974843 59.902454 10.760322 71136 1010
1296466477 9975853 59.90256 10.760268 144072 1010
1296466478 9976854 59.902678 10.760217 277001 1001
1296466479 9977855 59.902794 10.760183 318400 1001
1296466480 9978856 59.902907 10.76015 304194 1001
1296466481 9979864 59.903022 10.760134 246397 1008
1296466482 9980865 59.903145 10.760121 357149 1001
1296466483 9981866 59.903273 10.760147 372893 1001
1296466484 9983034 59.903394 10.760152 234969 1168
1296466485 9984195 59.90352 10.760195 450409 1161
1296466486 9985197 59.903646 10.760239 426183 1002
1296466487 9986284 59.903763 10.760296 400200 1087
1296466488 9987296 59.903888 10.760357 350208 1012
1296466490 9988305 59.904004 10.760432 264240 1009
1296466491 9989307 59.904119 10.760508 345513 1002
1296466492 9990316 59.904235 10.760583 313272 1009
1296466493 9991396 59.904348 10.760654 236305 1080
1296466494 9992406 59.904571 10.760801 281808 1010
1296466495 9993417 59.904571 10.760801 219183 1011
1296466496 9994426 59.904787 10.760945 216144 1009
1296466497 9995436 59.904895 10.761017 235296 1010
1296466498 9996454 59.904895 10.761017 151844 1018
1296466499 9997456 59.905101 10.76114 191520 1002
1296466500 9998458 59.905195 10.761187 145008 1002
1296466504 10003287 59.905195 10.761187 126813 4829
1296466505 10004298 59.90566 10.761285 627912 1011
1296466508 10006337 59.905745 10.761294 59344 2039
1296466509 10007357 59.905903 10.761309 88920 1020
1296466510 10008368 59.905978 10.761279 240768 1011
1296466511 10009458 59.906133 10.761238 170812 1090
1296466512 10010460 59.906201 10.761206 153213 1002
1296466513 10011468 59.906201 10.761206 226639 1008
1296466514 10012479 59.906336 10.761249 195910 1011
1296466515 10013488 59.906406 10.76129 158688 1009
1296466516 10014489 59.906406 10.76129 119352 1001
1296466517 10015518 59.906547 10.761354 120384 1029
1296466518 10016528 59.906614 10.761339 47160 1010
1296466519 10017539 59.906614 10.761339 53352 1011
1296466520 10018568 59.906723 10.761211 54720 1029
1296466521 10019628 59.90677 10.761137 38304 1060
1296466524 10022910 59.90677 10.761137 13680 3282
1296466525 10023939 59.906988 10.760719 206775 1029
1296466526 10024950 59.907044 10.760592 163788 1011
1296466527 10025970 59.907102 10.76043 137545 1020
1296466528 10026981 59.907153 10.760265 151848 1011
1296466529 10028001 59.907192 10.760096 144525 1020
1296466530 10029020 59.907244 10.759913 169925 1019
1296466531 10030030 59.907289 10.759726 163536 1010
1296466532 10031060 59.907335 10.759561 157797 1030
1296466533 10032091 59.90738 10.759374 68400 1031
1296466534 10033110 59.907428 10.759191 36936 1019
1296466535 10034281 59.907472 10.759005 29596 1171
1296466537 10035371 59.907517 10.758818 194345 1090
1296466538 10036394 59.907557 10.758632 242402 1023
1296466539 10037402 59.907653 10.75828 243947 1008
1296466540 10038403 59.907653 10.75828 251285 1001
1296466541 10039413 59.907743 10.757945 224306 1010
1296466542 10040432 59.907786 10.757776 230525 1019
1296466543 10041444 59.907786 10.757776 201226 1012
1296466544 10042462 59.907879 10.757459 296870 1018
1296466545 10043473 59.907916 10.757308 252656 1011
1296466546 10044722 59.907916 10.757308 299695 1249
1296466547 10045732 59.908009 10.756991 229824 1010
1296466548 10046752 59.908059 10.756826 109440 1020
1296466549 10047753 59.908059 10.756826 120965 1001
1296466550 10048754 59.908151 10.756526 208827 1001
1296466551 10049755 59.908191 10.756392 330241 1001
1296466552 10050763 59.908191 10.756392 299378 1008
1296466553 10051765 59.908301 10.756156 313652 1002
1296466554 10052766 59.908355 10.756046 350916 1001
1296466555 10053815 59.908355 10.756046 151637 1049
1296466556 10054816 59.908422 10.755793 273293 1001
1296466557 10055964 59.908453 10.755659 363279 1148
1296466558 10056974 59.908483 10.755504 359784 1010
1296466559 10057975 59.908523 10.755318 321743 1001
1296466560 10058994 59.908565 10.755166 304473 1019
1296466561 10059997 59.908565 10.755166 139536 1003
1296466562 10061025 59.908661 10.754853 245719 1028
1296466563 10062064 59.908703 10.754702 290171 1039
1296466564 10063075 59.908732 10.754547 324641 1011
1296466565 10064206 59.90877 10.754395 333232 1131
1296466566 10065215 59.908798 10.754258 336676 1009
1296466567 10066216 59.908828 10.754104 368498 1001
1296466568 10067227 59.908867 10.753987 507465 1011
1296466569 10068236 59.908901 10.753871 480641 1009
1296466570 10069245 59.90894 10.753755 395631 1009
1296466571 10070265 59.908973 10.753656 295823 1020
1296466572 10071266 59.909006 10.753558 256114 1001
1296466573 10072276 59.909046 10.753462 238032 1010
1296466574 10073286 59.909081 10.753346 162338 1010
1296466575 10074296 59.909108 10.753226 112176 1010
1296466576 10075297 59.909143 10.753093 108072 1001
1296466578 10076466 59.909209 10.752804 75240 1169
1296466579 10077467 59.909209 10.752804 58824 1001
1296466580 10078476 59.909275 10.752568 166896 1009
1296466581 10079477 59.909295 10.752466 150079 1001
1296466582 10080478 59.909295 10.752466 173736 1001
1296466583 10081487 59.909313 10.752284 155952 1009
1296466584 10082509 59.909327 10.752214 101232 1022
1296466585 10083517 59.909327 10.752214 80712 1008
1296466586 10084547 59.909357 10.752073 71136 1030
1296466587 10085548 59.909372 10.752042 77559 1001
1296466588 10086557 59.909372 10.752042 138168 1009
1296466589 10087558 59.909384 10.752006 109440 1001
1296466590 10088608 59.909384 10.752006 100679 1050
1296466591 10089628 59.909384 10.752006 120384 1020
1296466592 10090790 59.909398 10.751992 68400 1162
1296466593 10091809 59.909393 10.751992 76608 1019
1296466594 10092830 59.909393 10.751992 48500 1021
1296466595 10093839 59.909402 10.751978 114912 1009
1296466596 10094849 59.90941 10.751981 129644 1010
1296466597 10095859 59.90941 10.751981 147713 1010
1296466598 10096879 59.909414 10.751967 142029 1020
1296466599 10097890 59.909422 10.75197 166180 1011
1296466600 10098899 59.909422 10.75197 104987 1009
1296466601 10099900 59.909425 10.751974 130385 1001
1296466602 10100910 59.909425 10.751974 144464 1010
1296466603 10101919 59.909428 10.751977 135432 1009
1296466604 10102970 59.909436 10.75198 87334 1051
1296466605 10103971 59.909431 10.75198 120384 1001
1296466606 10104994 59.909439 10.751984 106704 1023
1296466607 10106010 59.909447 10.751987 59255 1016
1296466608 10107020 59.909442 10.751987 71136 1010
1296466609 10108021 59.909438 10.751987 61233 1001
1296466610 10109200 59.909438 10.751987 54720 1179
1296466611 10110211 59.909433 10.751987 69520 1011
1296466612 10111231 59.909421 10.751984 135217 1020
1296466613 10112251 59.909403 10.75196 82097 1020
1296466614 10113281 59.909393 10.751921 58824 1030
1296466616 10114346 59.909398 10.751868 32832 1065
1296466617 10115431 59.90944 10.751717 27360 1085
1296466618 10116602 59.90944 10.751717 20520 1171
1296466619 10117843 59.909501 10.751572 45510 1241
1296466620 10119072 59.909526 10.75147 126403 1229
1296466622 10120332 59.909526 10.75147 84753 1260
1296466623 10121952 59.909569 10.751158 120404 1620
1296466624 10122953 59.909582 10.751052 110808 1001
1296466625 10123963 59.909591 10.750947 84830 1010
1296466626 10124972 59.909609 10.75088 82215 1009
1296466627 10125973 59.909627 10.750813 120384 1001
1296466628 10126990 59.909645 10.750746 82252 1017
1296466629 10128133 59.909661 10.750697 84606 1143
1296466630 10129134 59.909679 10.75063 88920 1001
1296466631 10130144 59.909696 10.750581 74525 1010
1296466632 10131153 59.909714 10.750514 64296 1009
1296466633 10132163 59.909732 10.750447 53352 1010
1296466635 10133424 59.909758 10.750327 29471 1261
1296466636 10134444 59.909758 10.750327 73872 1020
1296466637 10135454 59.909784 10.750225 49248 1010
1296466638 10136474 59.909791 10.75019 48119 1020
1296466639 10137494 59.909791 10.75019 32832 1020
1296466640 10138504 59.909812 10.750141 35568 1010
1296466641 10139508 59.909812 10.750141 67032 1004
1296466642 10140515 59.909812 10.750141 60192 1007
1296466643 10141585 59.909827 10.750109 40718 1070
1296466644 10142745 59.909827 10.750109 102286 1160
1296466645 10143755 59.909827 10.750109 108754 1010
1296466646 10144765 59.909836 10.750095 107619 1010
1296466647 10145785 59.909836 10.750095 76802 1020
1296466648 10146797 59.909836 10.750095 98197 1012
1296466649 10147996 59.909851 10.750063 145509 1199
1296466650 10149186 59.909851 10.750063 155949 1190
1296466652 10150336 59.909857 10.750045 145823 1150
1296466653 10151477 59.909866 10.750031 145582 1141
1296466654 10152486 59.909866 10.750031 138168 1009
1296466655 10153487 59.90988 10.750017 86972 1001
1296466656 10154577 59.909881 10.749999 83701 1090
1296466657 10155598 59.909881 10.749999 113544 1021
1296466658 10156607 59.909887 10.749982 97342 1009
1296466659 10157617 59.909887 10.749982 96611 1010
1296466660 10158678 59.909887 10.749982 92329 1061
1296466661 10159687 59.909896 10.749982 42408 1009
1296466662 10160698 59.909908 10.749985 23256 1010
1296466663 10161707 59.909908 10.749985 110067 1008
1296466664 10162708 59.909931 10.749918 119782 1001
1296466665 10163738 59.909935 10.749866 67032 1030
1296466666 10164768 59.909935 10.749866 41049 1030
1296466667 10165777 59.90998 10.749718 57456 1009
1296466668 10166788 59.909996 10.749616 93450 1010
1296466669 10167789 59.909996 10.749616 136467 1001
1296466670 10168808 59.910047 10.749397 172755 1019
1296466671 10170008 59.910071 10.74926 94711 1200
1296466672 10171158 59.910102 10.749126 107725 1150
1296466674 10172319 59.910133 10.748993 111949 1161
1296466675 10173519 59.910157 10.748855 128676 1200
1296466676 10174549 59.910194 10.748613 119597 1030
1296466677 10175559 59.910207 10.748508 117287 1010
1296466678 10176569 59.910207 10.748508 172297 1010
1296466679 10177570 59.910234 10.74835 167813 1001
1296466680 10178580 59.910262 10.748265 224352 1010
1296466681 10179590 59.910262 10.748265 171098 1010
1296466682 10180610 59.910311 10.748002 178301 1020
1296466683 10181620 59.910333 10.747896 141478 1010
1296466684 10182630 59.910333 10.747896 198360 1010
1296466685 10183640 59.910389 10.747598 187510 1010
1296466686 10184760 59.910428 10.747443 152720 1120
1296466687 10185770 59.910428 10.747443 50616 1010
1296466688 10186781 59.910507 10.747116 76608 1011
1296466689 10187782 59.910548 10.746965 161424 1001
1296466690 10188791 59.910548 10.746965 151204 1009
1296466691 10189811 59.910647 10.74663 98681 1020
1296466692 10190961 59.910698 10.746465 122867 1149
1296466693 10191971 59.91075 10.746282 138168 1010
1296466694 10192991 59.910793 10.746113 111516 1020
1296466695 10194002 59.91084 10.745947 98496 1011
1296466696 10195042 59.910871 10.745775 101597 1040
1296466697 10196052 59.910908 10.745623 143640 1010
1296466698 10197072 59.910945 10.745472 78285 1020
1296466700 10198480 59.911011 10.745222 57456 1408
1296466701 10199492 59.91105 10.745092 68400 1012
1296466702 10200503 59.91105 10.745092 99000 1011
1296466703 10201582 59.911118 10.744862 170650 1079
1296466704 10202583 59.911134 10.74476 173071 1001
1296466705 10203593 59.911134 10.74476 173431 1010
1296466706 10204594 59.911174 10.74456 197790 1001
1296466707 10205603 59.911188 10.744493 234729 1009
1296466708 10206753 59.911188 10.744493 250084 1150
1296466709 10207754 59.911201 10.744335 213438 1001
1296466710 10208764 59.911202 10.744264 233614 1010
1296466711 10209767 59.911202 10.744264 330777 1003
1296466712 10210844 59.911208 10.744142 250366 1077
1296466713 10211845 59.911207 10.744089 301388 1001
1296466714 10213025 59.911207 10.744089 320245 1180
1296466716 10214334 59.911216 10.744022 414834 1309
1296466717 10215335 59.911213 10.744004 419976 1001
1296466718 10216336 59.911218 10.744004 274905 1001
1296466719 10217345 59.911218 10.744004 267726 1009
1296466720 10218346 59.911222 10.744004 502056 1001
1296466721 10219347 59.911215 10.744001 412754 1001
1296466722 10220348 59.911219 10.744001 435146 1001
1296466723 10221367 59.911216 10.743998 447199 1019
1296466724 10222536 59.911217 10.743994 474429 1169
1296466725 10223537 59.911222 10.743994 426302 1001
1296466726 10224538 59.911222 10.743994 351137 1001
1296466727 10225566 59.911219 10.743991 223024 1028
1296466728 10226567 59.91122 10.743973 232560 1001
1296466729 10227576 59.91122 10.743973 195059 1009
1296466730 10228586 59.911235 10.743942 246240 1009
1296466731 10229588 59.911238 10.743907 153344 1002
1296466732 10230596 59.911238 10.743907 222984 1008
1296466733 10231607 59.911265 10.743825 180261 1011
1296466734 10232617 59.911291 10.743762 175104 1010
1296466735 10233627 59.911291 10.743762 125856 1010
1296466736 10234637 59.91133 10.743631 95760 1010
1296466737 10235648 59.911343 10.743564 60021 1011
1296466738 10236657 59.911343 10.743564 105336 1009
1296466739 10237697 59.911397 10.743455 54720 1040
