1296574782 929211 59.870925 10.657534 380457 1010
1296574783 930213 59.870925 10.657534 294544 1002
1296574784 931241 59.870925 10.657534 190958 1028
1296574785 932261 59.870926 10.657517 102857 1020
1296574786 933301 59.870934 10.65752 165977 1040
1296574787 934311 59.870934 10.65752 214211 1010
1296574788 935312 59.870934 10.65752 305479 1001
1296574789 936351 59.870934 10.65752 254200 1039
1296574790 937362 59.870935 10.657503 368538 1011
1296574791 938371 59.870938 10.657506 462330 1009
1296574792 939372 59.870938 10.657506 335711 1001
1296574794 940551 59.870938 10.657506 356286 1179
1296574795 941552 59.870938 10.657506 260790 1001
1296574796 942555 59.870938 10.657506 422105 1003
1296574797 943681 59.870938 10.657506 262207 1126
1296574798 944691 59.870938 10.657506 394238 1010
1296574799 945941 59.870938 10.657506 262642 1250
1296574800 946959 59.870938 10.657506 403992 1018
1296574801 947962 59.870938 10.657506 455106 1003
1296574802 948963 59.870938 10.657506 349232 1001
1296574803 949982 59.870938 10.657506 439172 1019
1296574804 950983 59.870946 10.657509 336443 1001
1296574805 951984 59.870947 10.657492 486006 1001
1296574806 952999 59.870947 10.657492 348937 1015
1296574807 954001 59.870947 10.657492 401546 1002
1296574808 955081 59.870947 10.657492 430176 1080
1296574809 956082 59.870947 10.657492 497170 1001
1296574810 957083 59.870947 10.657492 327785 1001
1296574811 958220 59.870947 10.657492 488435 1137
1296574812 959322 59.870947 10.657492 453224 1102
1296574813 960501 59.870947 10.657492 491096 1179
1296574815 961651 59.870947 10.657492 458185 1150
1296574816 962750 59.870947 10.657492 242777 1099
1296574817 963761 59.870947 10.657492 408894 1010
1296574818 964801 59.870955 10.657495 333828 1040
1296574819 965811 59.870955 10.657495 427541 1010
1296574820 966881 59.870955 10.657495 357353 1070
1296574821 967882 59.870955 10.657495 411477 1001
1296574822 968883 59.870955 10.657495 327653 1001
1296574823 969891 59.870955 10.657495 407920 1008
1296574824 970892 59.870955 10.657495 410403 1001
1296574825 971893 59.870955 10.657495 302653 1001
1296574826 972901 59.870955 10.657495 411691 1008
1296574827 974001 59.870954 10.657512 391742 1100
1296574828 975011 59.870954 10.657512 452903 1010
1296574829 976012 59.870954 10.657512 438565 1001
1296574830 977140 59.870954 10.657512 394976 1128
1296574831 978141 59.870954 10.657512 442878 1001
1296574832 979142 59.870954 10.657512 308726 1001
1296574833 980151 59.870954 10.657512 391112 1009
1296574834 981161 59.870954 10.657512 331593 1010
1296574835 982170 59.870954 10.657512 285847 1008
1296574836 983280 59.870954 10.657512 347086 1110
1296574837 984281 59.870954 10.657512 302246 1001
1296574838 985290 59.870954 10.657512 239834 1009
1296574839 986380 59.870957 10.65753 227646 1090
1296574840 987391 59.870949 10.657527 387392 1011
1296574841 988392 59.870952 10.657544 398815 1001
1296574842 989469 59.870952 10.657544 364737 1077
1296574843 990471 59.870955 10.657562 306578 1001
1296574844 991480 59.870955 10.657562 366501 1009
1296574845 992481 59.870955 10.657562 380176 1001
1296574846 993482 59.870958 10.657579 380715 1001
1296574847 994490 59.870958 10.657579 196040 1008
1296574848 995500 59.870958 10.657579 243307 1009
1296574849 996510 59.870969 10.6576 267193 1010
1296574850 997521 59.870977 10.657603 266522 1011
1296574851 998530 59.870977 10.657603 378699 1009
1296574852 999531 59.870987 10.657624 334748 1001
1296574853 1000540 59.87099 10.657642 414727 1008
1296574855 1001570 59.87099 10.657642 322087 1030
1296574856 1002660 59.870997 10.657663 395963 1090
1296574857 1003662 59.871009 10.657666 365618 1002
1296574858 1004720 59.871009 10.657666 217804 1058
1296574859 1005721 59.871018 10.657704 222850 1001
1296574860 1006900 59.871026 10.657708 461268 1179
1296574861 1007901 59.871036 10.657729 459088 1001
1296574862 1008960 59.871048 10.657732 421861 1059
1296574863 1009980 59.871055 10.657753 458404 1020
1296574864 1011020 59.871058 10.65777 411538 1040
1296574865 1012160 59.871065 10.657774 459994 1140
1296574866 1013161 59.871076 10.657794 463824 1001
1296574867 1014170 59.871088 10.657798 301861 1009
1296574868 1015171 59.871099 10.657819 349814 1001
1296574869 1016370 59.871106 10.657822 466270 1199
1296574870 1017371 59.871117 10.657843 423127 1001
1296574871 1018373 59.871148 10.65787 286604 1002
1296574873 1019549 59.871148 10.65787 459851 1176
1296574874 1020550 59.871177 10.657915 345166 1001
1296574875 1021560 59.871195 10.657939 344013 1010
1296574876 1022564 59.871195 10.657939 402107 1004
1296574877 1023611 59.871219 10.657984 355134 1047
1296574878 1024620 59.87123 10.658005 494463 1009
1296574879 1025621 59.87123 10.658005 288379 1001
1296574880 1026630 59.871262 10.658053 407025 1009
1296574881 1027670 59.871281 10.658078 381701 1040
1296574882 1028680 59.871281 10.658078 351539 1010
1296574883 1029690 59.87131 10.658123 244972 1010
1296574884 1030800 59.871328 10.658147 214491 1110
1296574885 1031801 59.871328 10.658147 341982 1001
1296574886 1032810 59.87136 10.658195 232872 1009
1296574887 1034010 59.871378 10.658219 411159 1200
1296574888 1035020 59.871397 10.658243 447934 1010
1296574889 1036021 59.871415 10.658267 442496 1001
1296574890 1037022 59.871433 10.658292 482670 1001
1296574891 1038180 59.871452 10.658316 482476 1158
1296574892 1039181 59.871469 10.658357 329765 1001
1296574893 1040182 59.871487 10.658382 400977 1001
1296574894 1041260 59.871513 10.658409 323241 1078
1296574895 1042261 59.871531 10.658433 431194 1001
1296574896 1043270 59.871548 10.658475 367005 1009
1296574897 1044410 59.871592 10.658526 432429 1140
1296574898 1045420 59.871609 10.658568 433293 1010
1296574899 1046421 59.871609 10.658568 355649 1001
1296574900 1047430 59.871658 10.65862 343039 1009
1296574901 1048482 59.871683 10.658665 359463 1052
1296574903 1049570 59.871683 10.658665 412737 1088
1296574904 1050571 59.871726 10.658734 413378 1001
1296574905 1051630 59.871751 10.658761 470838 1059
1296574906 1052631 59.871751 10.658761 414957 1001
1296574907 1053640 59.871806 10.658834 342219 1009
1296574908 1054641 59.871823 10.658875 255883 1001
1296574909 1055642 59.871823 10.658875 258505 1001
1296574910 1056649 59.871874 10.658948 349537 1007
1296574911 1057659 59.871903 10.658993 201203 1009
1296574912 1058840 59.871903 10.658993 279682 1181
1296574913 1059850 59.871952 10.659083 295488 1010
1296574914 1060860 59.871976 10.659128 259887 1010
1296574915 1061861 59.872005 10.659173 286765 1001
1296574916 1062950 59.87203 10.659218 255879 1089
1296574917 1063963 59.872054 10.659263 334196 1013
1296574918 1064970 59.872091 10.659311 244730 1007
1296574919 1065980 59.872116 10.659356 307680 1010
1296574920 1066990 59.872145 10.659401 337169 1010
1296574921 1067999 59.872169 10.659446 264258 1008
1296574922 1069000 59.8722 10.659512 324292 1001
1296574923 1070139 59.872229 10.659557 304894 1139
1296574924 1071140 59.872253 10.659602 305850 1001
1296574925 1072149 59.872284 10.659668 299780 1009
1296574926 1073150 59.872309 10.659713 354237 1001
1296574927 1074391 59.872368 10.659824 302324 1241
1296574928 1075509 59.872396 10.659886 284856 1118
1296574929 1076510 59.872396 10.659886 332455 1001
1296574931 1077649 59.872456 10.659997 314013 1139
1296574932 1078669 59.872479 10.66006 350976 1020
1296574933 1079670 59.872479 10.66006 352547 1001
1296574934 1080671 59.872539 10.66017 497586 1001
1296574935 1081680 59.872575 10.660219 512258 1009
1296574936 1082713 59.872575 10.660219 390317 1033
1296574937 1083716 59.872634 10.660347 533708 1003
1296574938 1084880 59.872663 10.660392 513611 1164
1296574939 1085881 59.872693 10.660458 392830 1001
1296574940 1086882 59.872721 10.66052 395035 1001
1296574941 1087889 59.872756 10.660586 390832 1007
1296574942 1088890 59.872779 10.660649 424438 1001
1296574943 1089891 59.872814 10.660715 392046 1001
1296574944 1091509 59.872847 10.660763 327522 1618
1296574945 1092510 59.872905 10.660891 573420 1001
1296574946 1093512 59.87294 10.660957 416822 1002
1296574948 1094599 59.87294 10.660957 477468 1087
1296574949 1095600 59.872994 10.661086 470564 1001
1296574950 1096719 59.873029 10.661151 413700 1119
1296574951 1097721 59.873029 10.661151 510565 1002
1296574952 1098799 59.873087 10.66128 406317 1078
1296574953 1099800 59.873118 10.661346 515234 1001
1296574954 1100813 59.873118 10.661346 402050 1013
1296574955 1101814 59.873176 10.661474 422238 1001
1296574956 1102819 59.873212 10.66154 379514 1005
1296574957 1103833 59.873245 10.661623 390423 1014
1296574958 1104839 59.873269 10.661686 399970 1006
1296574959 1105840 59.873304 10.661752 387843 1001
1296574960 1106849 59.873304 10.661752 485888 1009
1296574961 1107859 59.873361 10.661898 387247 1010
1296574962 1108861 59.873396 10.661963 423577 1002
1296574963 1109866 59.873425 10.662047 386568 1005
1296574964 1111040 59.873453 10.662109 521631 1174
1296574965 1112041 59.873486 10.662193 514109 1001
1296574966 1113043 59.87351 10.662255 405839 1002
1296574967 1114050 59.873543 10.662339 548111 1007
1296574968 1115051 59.873573 10.662422 457200 1001
1296574969 1116168 59.8736 10.662485 296459 1117
1296574970 1117169 59.873622 10.662565 369517 1001
1296574971 1118180 59.873657 10.662631 379067 1011
1296574972 1119181 59.873679 10.662711 383684 1001
1296574973 1120189 59.873712 10.662794 421738 1007
1296574974 1121259 59.87374 10.662857 402206 1070
1296574975 1122261 59.873769 10.66294 408266 1002
1296574976 1123269 59.873796 10.66302 374661 1008
1296574977 1124308 59.873829 10.663103 457708 1039
1296574978 1125309 59.87386 10.663169 527452 1001
1296574979 1126478 59.87392 10.663333 506255 1169
1296574981 1127599 59.87392 10.663333 473333 1121
1296574982 1128718 59.873977 10.663479 509864 1119
1296574983 1130148 59.874006 10.663562 481047 1430
1296574984 1131228 59.874032 10.663642 430265 1080
1296574985 1132239 59.874063 10.663708 491148 1011
1296574986 1133241 59.874089 10.663788 469681 1002
1296574987 1134248 59.874123 10.663872 360395 1007
1296574988 1135429 59.874178 10.664035 453842 1181
1296574990 1136828 59.874178 10.664035 462502 1399
1296574991 1137829 59.874235 10.664181 242136 1001
1296574992 1138838 59.874261 10.664261 237601 1009
1296574993 1139939 59.874295 10.664344 256155 1101
1296574994 1140949 59.874317 10.664425 354249 1010
1296574995 1141950 59.874351 10.664508 353729 1001
1296574996 1142958 59.874377 10.664588 366431 1008
1296574997 1143962 59.874406 10.664671 505391 1004
1296574998 1144968 59.874434 10.664734 525279 1006
1296574999 1146048 59.874463 10.664817 462535 1080
1296575000 1147049 59.874489 10.664897 392868 1001
1296575001 1148050 59.874523 10.664981 377387 1001
1296575002 1149051 59.874552 10.665064 372175 1001
1296575003 1150189 59.874578 10.665144 427367 1138
1296575004 1151298 59.874612 10.665228 378167 1109
1296575005 1152299 59.874638 10.665308 345159 1001
1296575006 1153308 59.874667 10.665391 165510 1009
1296575007 1154309 59.874703 10.665457 256776 1001
1296575008 1155310 59.874729 10.665537 262144 1001
1296575009 1156318 59.874758 10.665621 252612 1008
1296575010 1157319 59.874792 10.665704 198888 1001
1296575011 1158320 59.874818 10.665784 322835 1001
1296575012 1159458 59.874885 10.665951 382516 1138
1296575013 1160460 59.874885 10.665951 362001 1002
1296575015 1161598 59.874941 10.666114 276117 1138
1296575016 1162599 59.874975 10.666198 312743 1001
1296575017 1163600 59.874975 10.666198 318411 1001
1296575018 1164608 59.875038 10.666365 325829 1008
1296575019 1165609 59.875064 10.666445 278691 1001
1296575020 1166619 59.875064 10.666445 282103 1010
1296575021 1167620 59.875128 10.666594 349933 1001
1296575022 1168628 59.875155 10.666674 341269 1008
1296575023 1169629 59.875155 10.666674 246472 1001
1296575024 1170630 59.875214 10.666838 396198 1001
1296575025 1171638 59.875244 10.666921 397140 1008
1296575026 1172668 59.875244 10.666921 314760 1029
1296575027 1173678 59.875304 10.667084 415989 1010
1296575028 1174689 59.875337 10.667168 225133 1011
1296575029 1175690 59.875337 10.667168 422307 1001
1296575030 1176801 59.875402 10.667317 244602 1111
1296575031 1177808 59.875428 10.667397 300604 1007
1296575032 1178810 59.875462 10.667481 318399 1002
1296575033 1179818 59.875497 10.667546 361152 1008
1296575034 1180819 59.875531 10.66763 343819 1001
1296575035 1181827 59.875565 10.667713 382774 1008
1296575036 1182829 59.8756 10.667779 499320 1001
1296575037 1183830 59.875626 10.667859 416427 1001
1296575038 1184839 59.875661 10.667925 405594 1009
1296575039 1185840 59.875695 10.668008 429087 1001
1296575040 1186848 59.87573 10.668074 439835 1008
1296575041 1187850 59.875772 10.668161 429302 1001
1296575042 1188851 59.875807 10.668227 240803 1001
1296575043 1189858 59.875841 10.66831 330820 1007
1296575044 1190867 59.875876 10.668376 282943 1009
1296575045 1191868 59.875911 10.668442 277225 1001
1296575046 1192878 59.875945 10.668525 402192 1009
1296575047 1193879 59.87598 10.668591 377744 1001
1296575048 1194888 59.876014 10.668675 349881 1009
1296575049 1195889 59.876049 10.66874 412105 1001
1296575050 1196890 59.876083 10.668824 527415 1001
1296575051 1198087 59.876118 10.66889 522168 1196
1296575052 1199188 59.876153 10.668956 493257 1101
1296575053 1200189 59.876187 10.669039 582409 1001
1296575054 1201190 59.876222 10.669105 528351 1001
1296575055 1202191 59.876264 10.669192 491108 1001
1296575056 1203338 59.876299 10.669257 527637 1147
1296575058 1204579 59.876368 10.669407 36936 1241
1296575059 1205628 59.876368 10.669407 811744 1049
1296575060 1206630 59.876438 10.669538 273412 1002
1296575061 1207728 59.876472 10.669622 310457 1098
1296575062 1208729 59.876472 10.669622 302896 1001
1296575063 1209737 59.87655 10.669757 290471 1008
1296575064 1210738 59.876585 10.669823 306432 1001
1296575065 1211747 59.876585 10.669823 205219 1009
1296575066 1212937 59.876662 10.669975 179188 1190
1296575067 1213938 59.876697 10.670041 258552 1001
1296575068 1214939 59.876732 10.670107 367362 1001
1296575069 1215940 59.876775 10.670176 280714 1001
1296575070 1216948 59.87681 10.670242 495636 1008
1296575071 1217949 59.876846 10.670308 523996 1001
1296575072 1219067 59.876888 10.670377 494902 1117
1296575073 1220072 59.876922 10.67046 521380 1005
1296575074 1221078 59.876957 10.670526 513692 1005
1296575075 1222088 59.877 10.670596 381492 1010
1296575081 1227701 59.877036 10.670661 16384 5613
1296575082 1229328 59.877265 10.671081 362129 1627
1296575083 1230330 59.8773 10.671147 337896 1001
1296575084 1231419 59.877378 10.671282 350883 1089
1296575085 1232420 59.877378 10.671282 428124 1001
1296575086 1233421 59.877456 10.671417 392260 1001
1296575087 1234428 59.877492 10.671483 410310 1007
1296575088 1235430 59.877492 10.671483 398879 1001
1296575089 1236438 59.87757 10.671618 417661 1008
1296575090 1237439 59.877606 10.671666 166246 1001
1296575091 1238448 59.877606 10.671666 333005 1009
1296575092 1239449 59.877684 10.671801 358119 1001
1296575093 1240458 59.877727 10.67187 379379 1008
1296575094 1241508 59.877727 10.67187 398651 1050
1296575096 1242649 59.877805 10.672005 456801 1141
1296575097 1243659 59.877842 10.672053 401532 1010
1296575098 1244669 59.877842 10.672053 393773 1010
1296575099 1245671 59.87792 10.672188 367685 1001
1296575100 1246678 59.877963 10.672258 401583 1007
1296575101 1247679 59.877963 10.672258 376463 1001
1296575102 1248680 59.878042 10.672375 401601 1001
1296575103 1249688 59.878078 10.672441 401671 1008
1296575104 1250698 59.878078 10.672441 368147 1010
1296575105 1251699 59.878156 10.672576 362945 1001
1296575106 1252700 59.878192 10.672624 363328 1001
1296575107 1253708 59.878192 10.672624 317524 1008
1296575108 1254709 59.878275 10.672759 308306 1001
1296575109 1255718 59.878318 10.672829 300897 1009
1296575110 1256728 59.878318 10.672829 309641 1010
1296575111 1257729 59.878388 10.67296 331056 1001
1296575112 1258738 59.878432 10.673012 245151 1009
1296575113 1259748 59.878432 10.673012 281808 1010
1296575114 1260749 59.87851 10.673147 208271 1001
1296575115 1261758 59.878546 10.673213 193186 1009
1296575116 1262759 59.878546 10.673213 243504 1001
1296575117 1263767 59.878624 10.673348 181490 1007
1296575118 1264768 59.878659 10.673414 205200 1001
1296575119 1265778 59.878659 10.673414 179208 1010
1296575120 1266788 59.878737 10.673549 112176 1010
1296575121 1267808 59.878772 10.673615 74839 1020
1296575122 1268828 59.878815 10.673684 101232 1020
1296575126 1273328 59.87885 10.67375 10944 4500
1296575127 1274348 59.879006 10.67402 559095 1020
1296575128 1275349 59.879046 10.674086 242136 1001
1296575129 1276358 59.879081 10.674152 273600 1009
1296575130 1277368 59.879124 10.674221 214189 1010
1296575132 1278568 59.879195 10.674352 257662 1200
1296575133 1279569 59.879237 10.674422 279072 1001
1296575134 1280577 59.879237 10.674422 259445 1008
1296575135 1281587 59.87932 10.674557 176472 1010
1296575136 1282597 59.879357 10.674605 100637 1010
1296575137 1283607 59.879357 10.674605 184680 1010
1296575138 1284627 59.879427 10.674737 139856 1019
1296575139 1285647 59.87947 10.674806 93024 1020
1296575140 1286657 59.87947 10.674806 128592 1010
1296575141 1287667 59.879552 10.674941 79354 1010
1296575142 1288677 59.879586 10.675024 108072 1010
1296575143 1289828 59.879586 10.675024 127274 1150
1296575144 1290858 59.879664 10.675159 67032 1030
1296575145 1291867 59.879704 10.675225 53352 1009
1296575146 1292877 59.879739 10.675291 121752 1009
1296575147 1293879 59.879782 10.67536 194730 1002
1296575148 1294887 59.879819 10.675409 267448 1008
1296575149 1296008 59.879866 10.675478 294288 1121
1296575150 1297217 59.879901 10.675544 280125 1209
1296575151 1298287 59.879944 10.675613 243225 1070
1296575152 1299288 59.879979 10.675679 205200 1001
1296575153 1300307 59.880028 10.67573 165823 1018
1296575154 1301308 59.880063 10.675796 90288 1001
1296575155 1302317 59.880106 10.675866 75614 1009
1296575156 1303328 59.880147 10.675914 64296 1011
1296575157 1304338 59.88019 10.675983 41040 1010
1296575158 1305357 59.880227 10.676031 54720 1019
1296575159 1306367 59.880318 10.676152 117648 1010
1296575160 1307378 59.880318 10.676152 91880 1011
1296575161 1308387 59.88036 10.6762 125856 1009
1296575162 1309397 59.880447 10.676321 130462 1010
1296575163 1310407 59.880447 10.676321 101232 1010
1296575164 1311417 59.880531 10.676439 54720 1010
1296575165 1312437 59.880579 10.67649 53352 1020
1296575166 1313517 59.880579 10.67649 57914 1080
1296575167 1314537 59.880659 10.676608 72504 1020
1296575168 1315538 59.880708 10.67666 54720 1001
1296575170 1316567 59.880708 10.67666 62928 1029
1296575171 1317577 59.880793 10.67676 73872 1010
1296575172 1318597 59.880836 10.676829 56088 1020
1296575173 1319608 59.880836 10.676829 38142 1011
1296575174 1320617 59.880924 10.676946 50616 1009
1296575175 1321637 59.880969 10.676998 67032 1020
1296575176 1322687 59.880969 10.676998 28728 1050
1296575177 1323727 59.881057 10.677115 28728 1040
1296575178 1324738 59.881102 10.677167 36936 1011
1296575179 1325767 59.881102 10.677167 32832 1029
1296575180 1326787 59.88119 10.677285 32832 1020
1296575181 1327797 59.881234 10.677336 45144 1010
1296575182 1329016 59.881282 10.677405 49387 1219
1296575183 1330027 59.881318 10.677454 75240 1011
1296575184 1331037 59.881367 10.677505 117648 1010
1296575185 1332057 59.881402 10.677571 109440 1020
1296575186 1333068 59.881451 10.677623 84684 1011
1296575187 1334087 59.881494 10.677692 84816 1019
1296575188 1335107 59.881535 10.67774 80712 1020
1296575189 1336137 59.881578 10.67781 72504 1029
1296575190 1337147 59.881615 10.677858 47880 1010
1296575191 1338176 59.881662 10.677927 31464 1029
1296575192 1339387 59.881741 10.678045 30422 1211
1296575193 1340397 59.881741 10.678045 35568 1010
1296575194 1341406 59.881825 10.678162 45144 1009
1296575195 1342407 59.881868 10.678231 45144 1001
1296575196 1343436 59.881868 10.678231 36936 1029
1296575197 1344466 59.881952 10.678349 53352 1030
1296575198 1345477 59.881993 10.678397 42408 1011
1296575199 1346487 59.881993 10.678397 51984 1010
1296575201 1347547 59.88208 10.678518 53352 1060
1296575202 1348577 59.88212 10.678584 46512 1030
1296575203 1349587 59.88212 10.678584 32418 1010
1296575204 1350606 59.882201 10.678684 56088 1019
1296575205 1351608 59.882248 10.678753 84816 1001
1296575206 1352626 59.882248 10.678753 105336 1018
1296575207 1354231 59.882285 10.678801 16384 1605
1296575208 1355236 59.882369 10.678919 174350 1005
1296575209 1356256 59.882416 10.678988 43776 1020
1296575210 1357257 59.882461 10.67904 47880 1001
1296575211 1358266 59.882508 10.679109 95760 1009
1296575212 1359276 59.882545 10.679157 93024 1010
1296575213 1360286 59.882592 10.679226 88920 1010
1296575214 1361317 59.882636 10.679278 36259 1031
1296575215 1362357 59.882684 10.679347 45144 1039
1296575216 1363379 59.882768 10.679465 38304 1022
1296575217 1364386 59.882768 10.679465 36936 1007
1296575218 1365406 59.882861 10.679568 51984 1020
1296575219 1366426 59.882904 10.679637 35568 1020
1296575220 1367456 59.882904 10.679637 35568 1029
1296575230 1376742 59.882952 10.679689 10944 9286
1296575231 1377762 59.883304 10.680166 13680 1020
1296575232 1378802 59.883439 10.680338 13680 1040
1296575233 1379872 59.883482 10.680407 13680 1070
1296575234 1380892 59.883523 10.680456 12312 1020
1296575235 1381932 59.883566 10.680525 13680 1040
1296575236 1383022 59.883615 10.680577 15048 1090
1296575237 1384032 59.883658 10.680646 13680 1010
1296575238 1385042 59.883699 10.680694 12312 1010
1296575239 1386092 59.883742 10.680763 10944 1050
1296575240 1387342 59.883779 10.680812 10944 1250
1296575241 1388422 59.883826 10.680881 5472 1080
1296575256 1402671 59.883911 10.680981 8208 14249
1296575257 1403831 59.884476 10.681712 64490 1160
1296575258 1404851 59.884557 10.681812 69768 1020
1296575259 1405861 59.884605 10.681882 49248 1010
1296575260 1406871 59.884649 10.681933 39672 1010
1296575261 1407900 59.884693 10.681985 57456 1029
1296575262 1408930 59.884734 10.682033 42408 1030
1296575264 1410800 59.884779 10.682085 20520 1870
1296575274 1420580 59.884863 10.682203 8208 9780
1296575275 1421600 59.885249 10.682693 25992 1020
1296575276 1422620 59.885333 10.68281 43776 1020
1296575277 1423700 59.885376 10.682879 28728 1080
1296575278 1424760 59.885376 10.682879 28728 1060
1296575279 1425780 59.88546 10.682997 36936 1020
1296575280 1426840 59.885496 10.683045 25992 1060
1296575281 1427960 59.885541 10.683097 17784 1120
1296575285 1432171 59.885625 10.683214 16384 4211
1296575289 1435580 59.885753 10.683384 91688 3408
1296575290 1436660 59.885881 10.683553 10944 1080
1296575291 1437700 59.885974 10.683656 19152 1040
1296575292 1438970 59.886015 10.683704 12312 1270
1296575305 1451646 59.886015 10.683704 2736 12676
1296575306 1452657 59.886628 10.684425 76608 1011
1296575307 1453716 59.88667 10.684474 72090 1059
1296575308 1454736 59.88667 10.684474 41040 1020
1296575309 1455816 59.886763 10.684577 30096 1080
1296575310 1456846 59.886799 10.684625 17784 1030
1296575311 1457906 59.886848 10.684677 15048 1060
1296575312 1459195 59.886885 10.684725 19152 1289
1296575313 1460255 59.886933 10.684777 25992 1060
1296575314 1461285 59.886978 10.684829 35568 1030
1296575315 1462295 59.887017 10.684895 27360 1010
1296575316 1463305 59.887062 10.684946 34200 1010
1296575317 1464346 59.887111 10.684998 36936 1041
1296575318 1465356 59.887147 10.685046 23256 1010
1296575320 1466708 59.887196 10.685098 1368 1352
1296575321 1467736 59.887289 10.685201 31464 1028
1296575322 1468746 59.887326 10.68525 39672 1010
1296575323 1469766 59.887326 10.68525 51984 1020
1296575324 1470776 59.887417 10.68537 73872 1010
1296575325 1471796 59.887462 10.685422 54720 1020
1296575326 1472805 59.887462 10.685422 41040 1008
1296575328 1474566 59.887547 10.685522 17784 1761
1296575329 1475605 59.887588 10.68557 50616 1039
1296575330 1476606 59.88768 10.685691 28728 1001
1296575331 1477645 59.887716 10.68574 30512 1039
1296575332 1478945 59.887716 10.68574 34200 1300
1296575333 1479986 59.8878 10.685857 120384 1041
1296575334 1481016 59.887845 10.685909 21888 1030
1296575335 1482055 59.887886 10.685957 46512 1039
1296575336 1483065 59.88793 10.686009 43776 1010
1296575337 1484076 59.887973 10.686078 69768 1011
1296575338 1485096 59.88801 10.686126 42408 1020
1296575340 1486817 59.888103 10.68623 43776 1721
1296575341 1487845 59.888139 10.686278 32832 1028
1296575342 1488885 59.888188 10.68633 49933 1040
1296575343 1489905 59.888232 10.686381 65664 1020
1296575344 1490928 59.888273 10.68643 39672 1023
1296575345 1491936 59.888318 10.686481 47880 1008
1296575346 1492976 59.888366 10.686533 30096 1040
1296575347 1494025 59.888403 10.686581 30096 1048
1296575348 1495035 59.888452 10.686633 161380 1010
1296575349 1496125 59.888489 10.686681 177954 1090
1296575350 1497126 59.888539 10.686716 228456 1001
1296575351 1498275 59.888583 10.686767 193871 1149
1296575352 1499285 59.888632 10.686819 169632 1010
1296575353 1500305 59.888673 10.686867 79344 1020
1296575354 1501345 59.888719 10.686901 25992 1040
1296575355 1502356 59.888767 10.686953 32832 1011
1296575356 1503396 59.888854 10.687035 47880 1040
1296575357 1504405 59.888903 10.687087 38304 1009
1296575358 1505425 59.888903 10.687087 50616 1020
1296575359 1506445 59.88899 10.68717 28881 1020
1296575360 1507475 59.889039 10.687221 43776 1030
1296575361 1508495 59.889039 10.687221 24624 1020
1296575362 1509516 59.889133 10.687307 16416 1021
1296575364 1510545 59.88917 10.687355 24624 1029
1296575365 1511585 59.88917 10.687355 24624 1040
1296575366 1512595 59.889269 10.687441 31464 1010
1296575367 1513615 59.889307 10.687472 38304 1020
1296575368 1514635 59.889307 10.687472 46512 1019
1296575369 1515655 59.8894 10.687575 54720 1020
1296575376 1522946 59.88945 10.687609 47880 7291
1296575377 1524106 59.889581 10.687744 4104 1160
1296575378 1525266 59.889725 10.687881 4104 1160
1296575380 1526586 59.889856 10.688015 2736 1320
1296575381 1527786 59.889905 10.688067 2736 1200
1296575382 1528966 59.889998 10.68817 2736 1180
1296575383 1530106 59.889998 10.68817 2736 1140
1296575384 1531286 59.890084 10.688253 2736 1180
1296575386 1532586 59.890133 10.688304 2736 1300
1296575387 1533766 59.890178 10.688356 2736 1180
1296575388 1534906 59.890263 10.688456 2736 1140
1296575389 1536066 59.890263 10.688456 2736 1160
1296575390 1537145 59.890361 10.688559 4104 1079
1296575391 1538465 59.890411 10.688593 5472 1320
1296575392 1539526 59.890504 10.688697 4104 1061
1296575394 1540847 59.89054 10.688745 4104 1321
1296575395 1542066 59.89054 10.688745 2736 1219
1296575396 1543266 59.890624 10.688863 2736 1200
1296575435 1582269 59.890673 10.688914 1368 39003
1296575437 1583676 59.890717 10.688966 2736 1406
1296575455 1601861 59.89093 10.689253 6335 18185
1296575456 1602862 59.892587 10.693465 183312 1001
1296575457 1603922 59.892614 10.693566 269292 1060
1296575458 1604932 59.892641 10.693646 259920 1010
1296575459 1605946 59.892673 10.693747 217880 1014
1296575460 1606952 59.892694 10.693827 247608 1006
1296575461 1608001 59.892719 10.693925 221268 1049
1296575462 1609002 59.892748 10.694008 316008 1001
1296575463 1610003 59.892773 10.694106 246461 1001
1296575464 1611082 59.892795 10.694186 262085 1079
1296575465 1612102 59.892827 10.694287 295488 1020
1296575466 1613103 59.892849 10.694367 272961 1001
1296575467 1614112 59.892873 10.694465 268493 1009
1296575468 1615114 59.892903 10.694548 249114 1002
1296575469 1616121 59.892927 10.694646 298224 1007
1296575470 1617122 59.892949 10.694726 251777 1001
1296575471 1618131 59.892977 10.694827 190954 1009
1296575472 1619132 59.893003 10.694907 258552 1001
1296575473 1620141 59.893032 10.694991 194712 1009
1296575474 1621142 59.893057 10.695089 222984 1001
1296575475 1622301 59.893078 10.695169 83272 1158
1296575476 1623302 59.893111 10.69527 300960 1001
1296575477 1624303 59.893132 10.69535 191335 1001
1296575478 1625312 59.893165 10.695451 188263 1009
1296575479 1626401 59.893207 10.695629 240657 1089
1296575480 1627402 59.89324 10.695712 254448 1001
1296575481 1628411 59.89324 10.695712 193659 1009
1296575482 1629421 59.893294 10.695893 244734 1010
1296575483 1630441 59.893316 10.695974 313272 1020
1296575484 1631442 59.893316 10.695974 209349 1001
1296575485 1632451 59.89337 10.696155 131328 1009
1296575486 1633452 59.893404 10.696238 53352 1001
1296575487 1634483 59.893404 10.696238 64612 1031
1296575488 1635501 59.893458 10.696419 42165 1018
1296575504 1650666 59.893478 10.696517 24624 15165
1296575505 1651686 59.893641 10.697043 12312 1020
1296575506 1652726 59.893878 10.697848 13680 1040
1296575507 1653766 59.893932 10.698029 13680 1040
1296575508 1654796 59.893962 10.698113 13680 1030
1296575509 1655806 59.893962 10.698113 13680 1010
1296575510 1656856 59.894008 10.698291 15048 1050
1296575511 1657946 59.894036 10.698392 15048 1090
1296575512 1659056 59.894062 10.698472 15048 1110
1296575513 1660096 59.89409 10.698573 13680 1040
1296575514 1661146 59.894116 10.698653 13680 1050
1296575515 1662246 59.894136 10.698751 15048 1100
1296575516 1663336 59.894162 10.698831 15048 1090
1296575517 1664346 59.89419 10.698932 13680 1010
1296575518 1665376 59.894212 10.699012 13680 1030
1296575519 1666426 59.894264 10.699211 13680 1050
1296575520 1667436 59.894264 10.699211 13680 1010
1296575521 1668486 59.894318 10.699392 13680 1050
1296575522 1669516 59.894344 10.699472 13680 1030
1296575524 1670585 59.894344 10.699472 13680 1069
1296575525 1671676 59.894398 10.699653 15048 1091
1296575526 1672696 59.894418 10.699751 13680 1020
1296575527 1673697 59.894418 10.699751 46912 1001
1296575528 1674708 59.894472 10.699932 149112 1011
1296575529 1675817 59.894501 10.700016 155855 1109
1296575530 1676825 59.894526 10.700114 199728 1008
1296575531 1677826 59.894548 10.700194 161850 1001
1296575532 1678836 59.89458 10.700295 238032 1010
1296575533 1679837 59.894602 10.700375 292752 1001
1296575534 1680846 59.894634 10.700476 321145 1009
1296575535 1681847 59.894656 10.700556 362468 1001
1296575541 1688492 59.894656 10.700556 203582 6644
1296575542 1689494 59.894882 10.701249 161424 1002
1296575543 1690502 59.894916 10.701333 353537 1008
1296575545 1691633 59.894916 10.701333 389598 1131
1296575546 1692652 59.89497 10.701514 336528 1019
1296575547 1693653 59.895003 10.701597 224759 1001
1296575548 1694743 59.895003 10.701597 240241 1090
1296575549 1695753 59.895059 10.701761 247608 1010
1296575550 1696763 59.895083 10.701859 169768 1010
1296575551 1697932 59.895113 10.701942 222073 1169
1296575552 1698933 59.895146 10.702026 266760 1001
1296575553 1700012 59.895179 10.702127 206804 1079
1296575554 1701013 59.8952 10.702207 229824 1001
1296575555 1702172 59.895234 10.70229 172438 1159
1296575556 1703182 59.895268 10.702374 198360 1010
1296575557 1704282 59.895297 10.702457 220912 1100
1296575558 1705292 59.895323 10.702537 123120 1010
1296575559 1706322 59.895357 10.702621 36936 1030
1296575560 1707352 59.895391 10.702704 36936 1030
1296575561 1708382 59.895445 10.702886 88920 1030
1296575562 1709402 59.895445 10.702886 83448 1020
1296575563 1710432 59.895512 10.703053 49290 1030
1296575576 1723412 59.895542 10.703136 34200 12980
1296575578 1724572 59.895635 10.703383 4104 1160
1296575579 1725892 59.895724 10.70363 5472 1320
1296575580 1727062 59.895846 10.703979 5472 1170
1296575582 1729169 59.895913 10.704146 8208 2107
1296575583 1730252 59.89601 10.704396 5472 1083
1296575584 1731412 59.896131 10.704744 5472 1160
1296575586 1732692 59.896187 10.704908 5472 1280
1296575587 1733892 59.896187 10.704908 5472 1200
1296575588 1735132 59.896242 10.705072 5472 1240
1296575589 1736332 59.896276 10.705155 5472 1200
1296575591 1737732 59.896331 10.705319 5472 1400
1296575592 1738799 59.896365 10.705402 4104 1067
1296575593 1740119 59.896399 10.705486 8208 1320
1296575594 1741219 59.896427 10.705587 8208 1100
1296575595 1742539 59.896453 10.705667 6840 1320
1296575597 1743839 59.896508 10.705831 4104 1300
1296575598 1744879 59.896542 10.705914 2736 1040
1296575599 1746119 59.896564 10.705994 4104 1240
1296575600 1747159 59.896597 10.706078 2736 1040
1296575612 1759394 59.896631 10.706161 1368 12235
1296575613 1760474 59.896774 10.70659 8208 1080
1296575615 1761573 59.896976 10.707185 10944 1099
1296575616 1762634 59.897066 10.707453 17784 1061
1296575617 1763714 59.897066 10.707453 12312 1080
1296575618 1765011 59.897122 10.707617 15048 1297
1296575619 1766132 59.897156 10.7077 13680 1121
1296575620 1767334 59.897177 10.70778 13680 1202
1296575621 1768335 59.897206 10.707864 13680 1001
1296575622 1769434 59.89724 10.707947 19152 1099
1296575624 1770854 59.89724 10.707947 2112 1420
1296575625 1771911 59.897323 10.708212 12312 1057
1296575626 1772912 59.897357 10.708296 19152 1001
1296575627 1774214 59.897386 10.708379 16416 1302
1296575628 1775293 59.897412 10.708459 17784 1079
1296575629 1776315 59.897442 10.708543 13680 1022
1296575630 1777474 59.897503 10.708727 19152 1159
1296575631 1778492 59.897503 10.708727 17784 1018
1296575632 1779494 59.897559 10.708891 16416 1002
1296575633 1780513 59.897592 10.708974 16416 1019
1296575635 1781614 59.897592 10.708974 13680 1101
1296575636 1782711 59.897648 10.709138 17784 1097
1296575637 1783875 59.897682 10.709222 13680 1164
1296575638 1784955 59.897711 10.709305 19152 1080
1296575639 1785993 59.897737 10.709385 13680 1038
1296575640 1787331 59.897771 10.709469 13680 1338
1296575641 1788411 59.897825 10.70965 20520 1080
1296575642 1789473 59.897858 10.709734 12312 1062
1296575644 1790561 59.897858 10.709734 13680 1088
1296575653 1800382 59.897892 10.709817 16384 9821
1296575654 1801474 59.898037 10.710228 46544 1091
1296575656 1802560 59.898142 10.710478 5472 1086
1296575657 1803649 59.898265 10.710809 2947 1089
1296575658 1804652 59.898321 10.710973 12312 1003
1296575659 1805852 59.898321 10.710973 19152 1200
1296575660 1806889 59.898388 10.71114 17784 1037
1296575661 1807891 59.898414 10.71122 19152 1002
1296575662 1808892 59.898443 10.711303 23256 1001
1296575663 1809991 59.898477 10.711387 16416 1099
1296575664 1811012 59.898503 10.711467 8208 1021
1296575665 1812031 59.898537 10.711551 17784 1019
1296575666 1813471 59.898592 10.711714 12312 1440
1296575668 1814713 59.898592 10.711714 2736 1242
1296575669 1815871 59.898652 10.711878 8208 1158
1296575670 1816892 59.898682 10.711962 9576 1021
1296575671 1817952 59.898715 10.712045 6840 1060
1296575672 1819069 59.898737 10.712125 8208 1117
1296575681 1828514 59.898771 10.712209 1368 9445
1296575694 1840749 59.898852 10.712453 4104 12235
1296575695 1841869 59.899385 10.713953 97724 1120
1296575696 1842870 59.899448 10.71412 217512 1001
1296575697 1843871 59.899482 10.714204 239071 1001
1296575698 1844879 59.899508 10.714284 280324 1008
1296575699 1845890 59.899538 10.714368 266041 1011
1296575700 1846899 59.899571 10.714451 298037 1009
1296575701 1847900 59.899601 10.714535 225152 1001
1296575702 1848909 59.899633 10.714636 227885 1009
1296575703 1849981 59.899659 10.714716 266760 1072
1296575704 1850989 59.899688 10.714799 283706 1008
1296575705 1851999 59.899714 10.71488 265459 1010
1296575706 1853009 59.899748 10.714963 271109 1010
1296575707 1854169 59.899777 10.715047 305197 1160
1296575708 1855174 59.899803 10.715127 210672 1005
1296575709 1856350 59.899833 10.71521 204162 1176
1296575710 1857351 59.899859 10.71529 231192 1001
1296575711 1858479 59.899914 10.715454 287217 1128
1296575712 1859489 59.899914 10.715454 321480 1010
1296575713 1860490 59.899977 10.715621 238998 1001
1296575714 1861499 59.900011 10.715705 257184 1009
1296575715 1862500 59.900011 10.715705 240386 1001
1296575716 1863509 59.900066 10.715868 183312 1009
1296575717 1864529 59.9001 10.715952 153216 1020
1296575719 1865933 59.900122 10.716032 16384 1404
1296575720 1866939 59.900155 10.716116 310690 1006
1296575721 1867941 59.900181 10.716196 181944 1002
1296575722 1868949 59.900215 10.716279 164023 1008
1296575723 1869950 59.900249 10.716363 203832 1001
1296575724 1870959 59.900284 10.716429 186468 1009
1296575725 1871968 59.900313 10.716512 207936 1009
1296575726 1872969 59.90034 10.716592 133377 1001
1296575727 1873971 59.900373 10.716676 120384 1002
1296575728 1874978 59.900407 10.716759 133550 1007
1296575729 1875989 59.900442 10.716825 46512 1011
1296575730 1876999 59.900476 10.716909 86184 1010
1296575731 1878009 59.900502 10.716989 106704 1010
1296575732 1879014 59.900536 10.717073 130889 1005
1296575733 1880049 59.90057 10.717156 123120 1034
1296575734 1881059 59.900603 10.71724 105336 1010
1296575735 1882079 59.900638 10.717306 120424 1020
1296575736 1883089 59.900665 10.717386 128592 1010
1296575737 1884098 59.900698 10.717469 120384 1009
1296575738 1885398 59.900767 10.717619 141707 1007
1296575739 1886418 59.900767 10.717619 134064 1020
1296575740 1887429 59.900827 10.717783 69768 1011
1296575741 1888498 59.900861 10.717866 109568 1069
1296575742 1889518 59.900861 10.717866 176472 1020
1296575743 1890528 59.900925 10.718016 124488 1010
1296575744 1891538 59.900959 10.718099 98496 1010
1296575746 1892608 59.900959 10.718099 29781 1070
1296575747 1893618 59.901027 10.718266 25992 1010
1296575748 1894628 59.901054 10.718329 80712 1010
1296575749 1895630 59.901054 10.718329 50616 1002
1296575750 1896648 59.901122 10.718496 119016 1018
1296575751 1897668 59.901151 10.718579 41040 1020
1296575752 1898678 59.901151 10.718579 61560 1010
1296575753 1899689 59.901211 10.718743 139365 1011
1296575754 1900698 59.901246 10.718809 196992 1009
1296575755 1901699 59.901246 10.718809 139994 1001
1296575756 1902708 59.901301 10.718973 222984 1009
1296575757 1903718 59.901335 10.719056 127674 1010
1296575758 1904728 59.901335 10.719056 135432 1010
1296575759 1905778 59.90139 10.71922 128592 1002
1296575760 1906779 59.901418 10.719282 131877 1001
1296575761 1907798 59.901418 10.719282 134064 1019
1296575762 1908808 59.901481 10.71945 99739 1010
1296575763 1909809 59.901507 10.71953 160056 1001
1296575764 1910818 59.901541 10.719613 172207 1008
1296575765 1911819 59.901562 10.719693 183312 1001
1296575766 1912828 59.901596 10.719777 171843 1009
1296575767 1913838 59.90163 10.71986 138168 1010
1296575768 1914854 59.901656 10.719941 103968 1016
1296575769 1915858 59.901687 10.720007 98496 1004
1296575770 1916868 59.90172 10.72009 39899 1010
1296575771 1917869 59.901754 10.720174 67032 1001
1296575772 1918888 59.901776 10.720254 54720 1019
1296575773 1919898 59.90181 10.720337 32832 1010
1296575774 1920899 59.901843 10.720421 98496 1001
1296575775 1921908 59.901878 10.720487 127471 1009
1296575776 1922918 59.901908 10.72057 103968 1010
1296575777 1923938 59.901941 10.720654 49248 1020
1296575778 1924948 59.901968 10.720734 135432 1010
1296575779 1925968 59.901997 10.720818 116291 1020
1296575780 1926978 59.902031 10.720901 101232 1010
1296575781 1928008 59.902064 10.720985 56088 1030
1296575782 1929018 59.902086 10.721065 27360 1010
1296575783 1930057 59.902121 10.721131 35568 1039
1296575784 1931158 59.90215 10.721214 74810 1101
1296575785 1932168 59.902184 10.721298 75240 1009
1296575786 1933188 59.902218 10.721381 128592 1020
1296575787 1934208 59.902239 10.721462 142272 1020
1296575788 1935210 59.902273 10.721545 62928 1002
1296575789 1936257 59.902304 10.721611 41040 1047
1296575790 1937258 59.902338 10.721695 67138 1001
1296575791 1938268 59.902371 10.721778 72504 1010
1296575792 1939278 59.902401 10.721862 91656 1010
1296575793 1940318 59.902428 10.721924 99864 1040
1296575794 1941358 59.902462 10.722008 32832 1040
1296575795 1942397 59.902531 10.722157 24624 1039
1296575796 1943458 59.902531 10.722157 30096 1061
1296575798 1944628 59.902595 10.722307 12312 1170
1296575799 1945638 59.902629 10.72239 10891 1010
1296575800 1946858 59.902629 10.72239 46512 1220
1296575801 1947868 59.902698 10.72254 101232 1010
1296575802 1948878 59.902733 10.722606 62928 1010
1296575803 1949907 59.902767 10.722689 72504 1029
1296575804 1950938 59.902802 10.722755 24624 1031
1296575805 1952058 59.902831 10.722839 6840 1120
1296575806 1953077 59.902866 10.722905 79344 1018
1296575807 1954078 59.9029 10.722988 94392 1001
1296575808 1955098 59.902935 10.723054 43776 1020
1296575809 1956287 59.902969 10.723138 34695 1189
1296575810 1957297 59.903004 10.723204 28728 1010
1296575811 1958349 59.903034 10.723287 31464 1051
1296575813 1959798 59.903095 10.723433 16416 1449
1296575814 1960818 59.90313 10.723499 12312 1020
1296575826 1973066 59.903164 10.723583 20520 12248
1296575827 1974074 59.903456 10.724132 13680 1008
1296575828 1975161 59.903633 10.724444 15048 1087
1296575829 1976204 59.903673 10.72451 15048 1043
1296575830 1977274 59.90371 10.724558 15048 1070
1296575831 1978294 59.903745 10.724624 13680 1020
1296575832 1979304 59.90378 10.72469 15048 1010
1296575833 1980394 59.903852 10.724805 16416 1090
1296575834 1981404 59.903901 10.724856 13680 1010
1296575835 1982473 59.903901 10.724856 15048 1069
1296575836 1983513 59.903972 10.724971 15048 1040
1296575838 1984564 59.904008 10.725037 15048 1051
1296575845 1992510 59.904008 10.725037 1368 7946
1296575847 1993661 59.904334 10.725508 120616 1151
1296575848 1994662 59.904334 10.725508 186709 1001
1296575849 1995663 59.904399 10.725619 279807 1001
1296575850 1996851 59.904435 10.725667 262041 1188
1296575851 1997911 59.904472 10.725715 271494 1060
1296575852 1999051 59.904509 10.725764 229067 1140
1296575853 2000072 59.904545 10.725812 220440 1021
1296575854 2001091 59.90457 10.725857 189987 1019
1296575855 2002100 59.904606 10.725906 236302 1009
1296575856 2003102 59.904644 10.725937 208025 1002
1296575857 2004110 59.904673 10.725982 353919 1008
1296575858 2005111 59.90471 10.72603 251839 1001
1296575859 2006112 59.904735 10.726075 357049 1001
1296575860 2007113 59.904771 10.726124 464668 1001
1296575861 2008114 59.904802 10.726151 513508 1001
1296575862 2009115 59.904838 10.7262 239774 1001
1296575863 2010120 59.904867 10.726245 365305 1005
1296575864 2011131 59.904893 10.726272 326324 1011
1296575865 2012150 59.90493 10.726321 349907 1019
1296575866 2013151 59.90496 10.726348 421181 1001
1296575867 2014152 59.904989 10.726393 306432 1001
1296575868 2015161 59.905014 10.726438 341577 1009
1296575869 2016180 59.905052 10.726469 218426 1019
1296575870 2017365 59.905107 10.726542 306278 1185
1296575871 2018481 59.905107 10.726542 393378 1116
1296575872 2019482 59.905169 10.726618 318744 1001
1296575873 2020490 59.9052 10.726645 271088 1008
1296575874 2021501 59.9052 10.726645 369360 1011
1296575875 2022511 59.905255 10.726718 392042 1010
1296575876 2023512 59.905281 10.726746 369075 1001
1296575877 2024520 59.905281 10.726746 416402 1008
1296575878 2025530 59.90534 10.726818 329808 1010
1296575879 2026531 59.905366 10.726846 410478 1001
1296575880 2027532 59.905366 10.726846 496337 1001
1296575881 2028540 59.905422 10.726901 508148 1008
1296575882 2029541 59.905453 10.726928 424892 1001
1296575883 2030543 59.905453 10.726928 470549 1002
1296575885 2031550 59.905508 10.727001 436986 1006
1296575886 2032552 59.905534 10.727028 458298 1002
1296575887 2033553 59.905534 10.727028 418110 1001
1296575888 2034557 59.905587 10.72708 459547 1004
1296575889 2035561 59.905613 10.727108 535274 1004
1296575890 2036565 59.905613 10.727108 442492 1003
1296575891 2037860 59.905669 10.727163 385060 1295
1296575892 2038861 59.9057 10.72719 623674 1001
1296575893 2039970 59.90573 10.727218 444141 1109
1296575894 2040971 59.905756 10.727245 560065 1001
1296575895 2042021 59.905788 10.727255 436359 1050
1296575896 2043022 59.905811 10.72728 505823 1001
1296575897 2044180 59.905841 10.727307 519927 1158
1296575898 2045181 59.905872 10.727335 494403 1001
1296575899 2046182 59.905899 10.727345 514751 1001
1296575900 2047370 59.905956 10.7274 471148 1187
1296575901 2048372 59.905956 10.7274 454933 1002
1296575902 2049381 59.906006 10.727434 383249 1009
1296575903 2050398 59.906036 10.727462 396013 1017
1296575904 2051401 59.906036 10.727462 222363 1003
1296575905 2052403 59.906094 10.727499 458019 1002
1296575906 2053405 59.906121 10.727509 434882 1002
1296575907 2054406 59.906121 10.727509 491739 1001
1296575909 2055570 59.906179 10.727547 527280 1164
1296575910 2056588 59.906205 10.727574 547022 1018
1296575911 2057590 59.906205 10.727574 599642 1002
1296575912 2058591 59.906255 10.727608 494831 1001
1296575913 2059608 59.906281 10.727636 542609 1017
1296575914 2060610 59.906281 10.727636 480060 1002
1296575915 2061611 59.906335 10.727673 384453 1001
1296575916 2062628 59.906367 10.727683 390647 1017
1296575917 2063630 59.906367 10.727683 430600 1002
1296575918 2064660 59.906412 10.727717 416152 1030
1296575919 2065661 59.90644 10.727727 578233 1001
1296575920 2066662 59.90644 10.727727 432125 1001
1296575921 2067729 59.90649 10.727762 392019 1067
1296575922 2068730 59.906516 10.727789 445778 1001
1296575923 2069731 59.906516 10.727789 424506 1001
1296575924 2070732 59.906568 10.727806 512121 1001
1296575925 2071741 59.906594 10.727833 503433 1009
1296575926 2072742 59.906594 10.727833 428928 1001
1296575927 2073750 59.906641 10.72785 377177 1008
1296575928 2074751 59.906671 10.727878 506927 1001
1296575929 2075752 59.906671 10.727878 417802 1001
1296575930 2076769 59.906718 10.727894 533004 1017
1296575931 2077809 59.906749 10.727922 88920 1040
1296575932 2078839 59.906749 10.727922 8208 1030
1296575933 2079859 59.906796 10.727938 8208 1020
1296575934 2080900 59.906814 10.727963 36293 1041
1296575935 2081901 59.906846 10.727973 342755 1001
1296575936 2082902 59.906866 10.727979 511191 1001
1296575937 2084020 59.906892 10.728007 442886 1118
1296575938 2085090 59.906892 10.728007 401515 1070
1296575939 2086092 59.906943 10.728023 324216 1002
1296575941 2087649 59.906962 10.728048 272569 1557
1296575942 2088669 59.907013 10.728064 278894 1019
1296575943 2089670 59.907032 10.728088 331056 1001
1296575944 2090679 59.907032 10.728088 243787 1009
1296575945 2091690 59.907083 10.728105 343424 1011
1296575946 2092699 59.907109 10.728133 468777 1009
1296575947 2093709 59.907109 10.728133 390126 1010
1296575948 2094710 59.907161 10.728149 322848 1001
1296575949 2095789 59.907188 10.728159 297454 1079
1296575950 2096799 59.907188 10.728159 381672 1010
1296575951 2097800 59.907239 10.728193 201198 1001
1296575952 2098801 59.907258 10.7282 318744 1001
1296575953 2099809 59.907286 10.72821 227034 1008
1296575954 2100810 59.907305 10.728217 361152 1001
1296575955 2101811 59.907337 10.728227 284921 1001
1296575956 2102819 59.907357 10.728233 375898 1008
1296575957 2103909 59.907377 10.72824 209057 1090
1296575958 2104910 59.907407 10.728267 268128 1001
1296575959 2105911 59.907427 10.728274 175697 1001
1296575960 2106912 59.907454 10.728284 288648 1001
1296575961 2107919 59.907474 10.728291 277961 1007
1296575962 2108920 59.907498 10.728297 283285 1001
1296575963 2109939 59.907526 10.728307 274658 1018
1296575964 2110940 59.907546 10.728314 335703 1001
1296575965 2111941 59.907572 10.728342 481033 1001
1296575966 2112942 59.907596 10.728348 455522 1001
1296575967 2113989 59.907616 10.728355 352297 1047
1296575968 2114991 59.907643 10.728365 486951 1001
1296575969 2115992 59.907663 10.728372 545119 1001
1296575970 2116993 59.907683 10.728378 584119 1001
1296575971 2117999 59.907707 10.728385 511877 1006
1296575972 2119030 59.907734 10.728395 401209 1031
1296575973 2120038 59.907752 10.728419 343368 1007
1296575974 2121039 59.907772 10.728426 371589 1001
1296575975 2122040 59.907797 10.728432 419031 1001
1296575976 2123060 59.907824 10.728442 269884 1020
1296575977 2124061 59.907844 10.728449 411500 1001
1296575978 2125069 59.907863 10.728456 484442 1007
1296575979 2126070 59.907883 10.728462 529942 1001
1296575980 2127080 59.907907 10.728469 407017 1010
1296575981 2128089 59.907935 10.728479 382865 1009
1296575982 2129090 59.907955 10.728486 524678 1001
1296575983 2130092 59.907974 10.728492 572576 1001
1296575984 2131100 59.907994 10.728499 540845 1008
1296575985 2132101 59.908018 10.728506 566308 1001
1296575986 2133279 59.908046 10.728516 575090 1178
1296575987 2134280 59.908064 10.72854 531706 1001
1296575988 2135282 59.908084 10.728546 486966 1001
1296575989 2136449 59.908128 10.72856 526107 1167
1296575990 2137450 59.908148 10.728566 551926 1001
1296575991 2138451 59.908148 10.728566 536964 1001
1296575992 2139459 59.908187 10.72858 496024 1008
1296575993 2140470 59.908207 10.728586 424503 1011
1296575994 2141480 59.908207 10.728586 512389 1010
1296575995 2142500 59.908249 10.728617 456934 1020
1296575996 2143501 59.908269 10.728624 548214 1001
1296575997 2144502 59.908269 10.728624 436019 1001
1296575998 2145503 59.908309 10.728637 578119 1001
1296575999 2146505 59.908329 10.728644 439147 1002
1296576000 2147509 59.908329 10.728644 530072 1004
1296576001 2148510 59.908373 10.728657 393219 1001
1296576002 2149511 59.908392 10.728664 482848 1001
1296576003 2150529 59.908392 10.728664 418058 1017
1296576004 2151530 59.90843 10.728695 567969 1001
1296576005 2152540 59.90845 10.728701 540248 1010
1296576007 2153610 59.90845 10.728701 500851 1070
1296576008 2154611 59.908482 10.728711 571075 1001
1296576009 2155612 59.908502 10.728718 531078 1001
1296576010 2156630 59.908502 10.728718 449873 1018
1296576011 2157631 59.908541 10.728731 577317 1001
1296576012 2158639 59.908561 10.728738 400440 1007
1296576013 2159748 59.908561 10.728738 541690 1109
1296576014 2160909 59.908592 10.728765 521425 1161
1296576015 2162069 59.908611 10.728772 549258 1160
1296576016 2163070 59.908631 10.728779 554012 1001
1296576017 2164071 59.908643 10.728782 517368 1001
1296576018 2165079 59.908663 10.728789 395744 1008
1296576019 2166080 59.908683 10.728795 514190 1001
1296576020 2167081 59.908695 10.728799 437806 1001
1296576021 2168231 59.908715 10.728805 529851 1150
1296576022 2169233 59.908734 10.728812 502972 1001
1296576023 2170239 59.908754 10.728819 568835 1006
1296576024 2171249 59.90876 10.72884 469801 1010
1296576025 2172259 59.90878 10.728846 449625 1010
1296576026 2173269 59.9088 10.728853 572289 1010
1296576027 2174271 59.908807 10.728856 573137 1001
1296576028 2175279 59.908827 10.728863 224173 1008
1296576029 2176289 59.908839 10.728866 443194 1010
1296576030 2177429 59.908859 10.728873 580157 1140
1296576031 2178430 59.90889 10.7289 597313 1001
1296576032 2179431 59.908902 10.728904 566284 1001
1296576033 2180433 59.908902 10.728904 453740 1002
1296576034 2181435 59.908934 10.728914 557394 1002
1296576035 2182439 59.908953 10.72892 488961 1004
1296576036 2183440 59.908953 10.72892 445628 1001
1296576037 2184468 59.908973 10.728927 413140 1028
1296576038 2185469 59.908993 10.728934 390435 1001
1296576039 2186476 59.908993 10.728934 480217 1007
1296576040 2187478 59.909025 10.728944 474696 1001
1296576041 2188479 59.909037 10.728947 421505 1001
1296576042 2189489 59.909037 10.728947 587491 1010
1296576043 2190490 59.909063 10.728974 540062 1001
1296576044 2191491 59.909075 10.728978 498266 1001
1296576045 2192498 59.909075 10.728978 391114 1007
1296576046 2193499 59.909107 10.728988 334148 1001
1296576048 2194618 59.909114 10.728991 477558 1118
1296576049 2195619 59.909114 10.728991 376200 1001
1296576050 2196621 59.909145 10.729019 314720 1002
1296576051 2197629 59.909157 10.729022 511158 1008
1296576052 2198630 59.909157 10.729022 401253 1001
1296576053 2199631 59.909189 10.729032 461344 1001
1296576054 2200632 59.9092 10.729053 463101 1001
1296576055 2201648 59.9092 10.729053 454949 1016
1296576056 2202790 59.909212 10.729056 30096 1142
1296576057 2203808 59.909239 10.729066 782099 1018
1296576058 2204878 59.909251 10.729069 282586 1070
1296576059 2205879 59.909263 10.729073 359784 1001
1296576060 2206890 59.909282 10.729097 364062 1011
1296576061 2207891 59.909294 10.7291 472568 1001
1296576062 2208948 59.909306 10.729104 419483 1057
1296576063 2209949 59.909314 10.729107 450104 1001
1296576064 2211098 59.909333 10.729114 526136 1149
1296576065 2212099 59.909346 10.729117 456204 1001
1296576066 2213108 59.909358 10.72912 358261 1009
1296576067 2214118 59.909373 10.729127 340697 1010
1296576068 2215119 59.909384 10.729148 304945 1001
1296576069 2216120 59.909396 10.729151 455967 1001
1296576070 2217129 59.909411 10.729158 540527 1009
1296576071 2218130 59.909423 10.729161 457510 1001
1296576072 2219131 59.909435 10.729164 509058 1001
1296576073 2220138 59.909443 10.729168 328420 1007
1296576074 2221139 59.909455 10.729171 266567 1001
1296576075 2222148 59.909475 10.729178 283176 1009
1296576076 2223158 59.909482 10.729181 349533 1010
1296576077 2224159 59.909495 10.729184 291667 1001
1296576078 2225168 59.909507 10.729188 473164 1009
1296576079 2226178 59.909514 10.729191 431071 1010
1296576080 2227179 59.909534 10.729198 393859 1001
1296576081 2228267 59.909542 10.729201 297010 1088
1296576082 2229269 59.909554 10.729204 292752 1002
1296576083 2230270 59.909561 10.729208 170757 1001
1296576084 2231277 59.909561 10.729208 227088 1007
1296576085 2232278 59.909574 10.729211 242136 1001
1296576086 2233279 59.909581 10.729214 356419 1001
1296576087 2234287 59.909593 10.729218 265392 1008
1296576090 2237108 59.909593 10.729218 17392 2821
1296576091 2238127 59.90963 10.729213 780002 1019
1296576092 2239128 59.909634 10.729213 385945 1001
1296576093 2240138 59.909642 10.729217 356183 1010
1296576094 2241139 59.909654 10.72922 471960 1001
1296576095 2242157 59.909654 10.72922 209460 1018
1296576096 2243167 59.909663 10.729206 234268 1010
1296576097 2244168 59.909675 10.729209 247162 1001
1296576098 2245169 59.909683 10.729213 328793 1001
1296576099 2246178 59.909695 10.729216 365256 1009
1296576100 2247188 59.909707 10.729219 225607 1010
1296576101 2248190 59.909715 10.729223 247608 1001
1296576102 2249197 59.909727 10.729226 209883 1007
1296576103 2250198 59.909735 10.729229 261288 1001
1296576105 2252167 59.909739 10.729229 28728 1969
1296576106 2253168 59.909759 10.729236 116280 1001
1296576107 2254177 59.909766 10.729239 146376 1009
1296576108 2255178 59.909771 10.729239 131328 1001
1296576109 2256187 59.909779 10.729242 120942 1009
1296576110 2257207 59.909791 10.729246 184680 1020
1296576111 2258217 59.909797 10.729267 158688 1010
1296576112 2259218 59.909801 10.729267 161424 1001
1296576113 2260227 59.909809 10.72927 202464 1009
1296576114 2261238 59.909821 10.729273 124215 1011
1296576115 2262247 59.909821 10.729273 224352 1009
1296576116 2263248 59.909835 10.729259 220248 1001
1296576120 2267127 59.909842 10.729262 69526 3879
1296576121 2268128 59.909874 10.729272 788000 1001
1296576122 2269138 59.909882 10.729276 345072 1010
1296576123 2270188 59.909886 10.729276 358084 1050
1296576124 2271197 59.909894 10.729279 221616 1009
1296576125 2272207 59.909906 10.729282 150480 1010
1296576126 2273208 59.909906 10.729282 174594 1001
1296576127 2274209 59.909917 10.729303 283777 1001
1296576128 2275217 59.909921 10.729303 354312 1008
1296576129 2276227 59.909926 10.729303 252322 1010
1296576130 2277228 59.909929 10.729321 265511 1001
1296576131 2278229 59.909938 10.729307 273486 1001
1296576132 2279237 59.909946 10.72931 194218 1008
1296576133 2280247 59.90995 10.72931 258241 1010
1296576134 2281257 59.909958 10.729313 288666 1010
1296576135 2282277 59.90997 10.729317 257078 1020
1296576136 2283287 59.909977 10.72932 239217 1010
1296576137 2284288 59.909977 10.72932 203174 1001
1296576138 2285289 59.90999 10.729323 225358 1001
1296576139 2286296 59.909997 10.729327 202121 1007
1296576140 2287297 59.910005 10.72933 201447 1001
1296576141 2288306 59.910009 10.72933 157320 1009
1296576142 2289307 59.910017 10.729333 175619 1001
1296576143 2290308 59.910017 10.729333 157965 1001
1296576144 2291309 59.910025 10.729337 222984 1001
1296576145 2292317 59.910029 10.729337 219867 1008
1296576146 2293328 59.910037 10.72934 199655 1011
1296576147 2294336 59.910038 10.729322 184680 1008
1296576148 2295337 59.910046 10.729326 208994 1001
1296576149 2296446 59.910058 10.729329 241563 1109
1296576150 2297447 59.910058 10.729329 269584 1001
1296576151 2298486 59.910066 10.729332 271604 1039
1296576152 2299487 59.910066 10.729332 259295 1001
1296576153 2300497 59.910066 10.729332 269204 1010
1296576154 2301507 59.910078 10.729336 259487 1010
1296576155 2302508 59.910085 10.729339 177840 1001
1296576157 2303656 59.910085 10.729339 121560 1148
1296576158 2304657 59.910085 10.729339 187416 1001
1296576159 2305658 59.910097 10.729342 289852 1001
1296576160 2306667 59.910097 10.729342 325584 1009
1296576161 2307676 59.910105 10.729346 232872 1009
1296576162 2308687 59.910105 10.729346 228456 1011
1296576163 2309697 59.910105 10.729346 175672 1010
1296576164 2310948 59.910117 10.729349 249606 1251
1296576165 2311957 59.910117 10.729349 222984 1009
1296576166 2312966 59.910125 10.729352 266760 1009
1296576167 2313967 59.910125 10.729352 202479 1001
1296576168 2314968 59.910129 10.729352 281808 1001
1296576169 2315976 59.910137 10.729356 326952 1008
1296576170 2316977 59.910137 10.729356 254588 1001
1296576171 2317978 59.910137 10.729356 376200 1001
1296576172 2318987 59.910142 10.729356 268876 1009
1296576173 2319988 59.910149 10.729359 348840 1001
1296576174 2320997 59.910149 10.729359 260201 1009
1296576175 2322006 59.910149 10.729359 195466 1008
1296576176 2323007 59.910161 10.729362 127590 1001
1296576177 2324008 59.910161 10.729362 221616 1001
1296576178 2325016 59.910161 10.729362 205606 1008
1296576179 2326027 59.910167 10.729345 184049 1011
1296576180 2327037 59.910175 10.729348 265392 1009
1296576181 2328046 59.910175 10.729348 183067 1009
1296576182 2329057 59.910175 10.729348 225720 1011
1296576183 2330067 59.910175 10.729348 219753 1010
1296576184 2331076 59.910182 10.729351 271281 1009
1296576185 2332078 59.910187 10.729351 232438 1001
1296576186 2333136 59.910187 10.729351 191041 1058
1296576187 2334317 59.910187 10.729351 97128 1181
1296576188 2335326 59.910187 10.729351 273635 1009
1296576189 2336357 59.910195 10.729355 275585 1031
1296576190 2337358 59.910195 10.729355 202464 1001
1296576191 2338366 59.910204 10.72934 292752 1008
1296576192 2339367 59.910204 10.72934 315195 1001
1296576193 2340249 59.910198 10.729358 311904 881
