1297700926 414909 59.604522 10.748764 207203 1011
1297700927 415943 59.60453 10.748767 322848 1033
1297700928 416949 59.604537 10.74877 166838 1006
1297700929 417959 59.604546 10.748756 197798 1010
1297700930 418960 59.604546 10.748756 167587 1001
1297700931 420019 59.604586 10.748717 195722 1059
1297700932 421020 59.604596 10.748686 251969 1001
1297700933 422069 59.604596 10.748686 271480 1001
1297700934 423070 59.604587 10.7487 231206 1001
1297700935 424079 59.604578 10.748714 239946 1009
1297700936 425139 59.604546 10.748756 254394 1060
1297700937 426141 59.604536 10.748788 275240 1002
1297700938 427149 59.604522 10.748816 264303 1008
1297700939 428150 59.604513 10.74883 239526 1001
1297700940 429151 59.604513 10.74883 342480 1001
1297700941 430309 59.604538 10.748837 336791 1158
1297700942 431310 59.604551 10.748822 292392 1001
1297700943 432319 59.604533 10.748851 320023 1007
1297700944 433320 59.604504 10.74891 213662 1001
1297700945 434321 59.604482 10.748939 254434 1001
1297700946 435329 59.604459 10.748967 397152 1008
1297700947 436330 59.604418 10.749023 420906 1001
1297700948 437339 59.604396 10.749051 367016 1003
1297700949 438340 59.604369 10.749094 451484 1001
1297700950 439342 59.604347 10.749104 352859 1002
1297700951 440350 59.604329 10.749133 405294 1008
1297700952 441351 59.604329 10.749133 378388 1001
1297700953 442409 59.604304 10.749158 328145 1001
1297700954 443410 59.604295 10.749172 344600 1001
1297700955 444411 59.604286 10.749186 353506 1001
1297700956 445419 59.604278 10.749182 291535 1008
1297700957 446420 59.604264 10.749196 264918 1001
1297700958 447429 59.604255 10.749211 263073 1003
1297700959 448430 59.604246 10.749225 350208 1001
1297700960 449439 59.604242 10.749225 280863 1009
1297700961 450441 59.604233 10.749239 261103 1002
1297700962 451442 59.604219 10.749253 341760 1001
1297700963 452489 59.604219 10.749253 313811 1010
1297700964 453620 59.604205 10.749267 377909 1131
1297700965 454630 59.604193 10.749264 350303 1010
1297700966 455640 59.604193 10.749264 346104 1009
1297700967 456650 59.604184 10.749278 280154 1010
1297700968 457660 59.60418 10.749278 264138 1010
1297700969 458661 59.60418 10.749278 356647 1001
1297700970 459662 59.604168 10.749274 347038 1001
1297700971 460670 59.604166 10.749292 383824 1008
1297700972 461680 59.604166 10.749292 347528 1010
1297700973 462690 59.604154 10.749289 232560 1004
1297700974 463691 59.604154 10.749289 320957 1001
1297700975 464700 59.604154 10.749289 305988 1009
1297700976 465701 59.604145 10.749303 303202 1001
1297700977 466710 59.60414 10.749303 355848 1009
1297700978 467720 59.60414 10.749303 393167 1005
1297700979 468721 59.604133 10.749299 366620 1001
1297700981 469882 59.604133 10.749299 324130 1161
1297700982 470890 59.604128 10.749299 352944 1008
1297700983 471900 59.604128 10.749299 288955 1010
1297700984 472990 59.604128 10.749299 363211 1005
1297700985 474000 59.604128 10.749299 289476 1010
1297700986 475011 59.604128 10.749299 319222 1011
1297700987 476161 59.604121 10.749296 317760 1150
1297700988 477170 59.604116 10.749296 332424 1009
1297700989 478171 59.604116 10.749296 213879 1001
1297700990 479180 59.604116 10.749296 255420 1009
1297700991 480381 59.604116 10.749296 343168 1201
1297700992 481391 59.604115 10.749313 363888 1010
1297700993 482392 59.604115 10.749313 356575 1001
1297700994 483401 59.604115 10.749313 352414 1009
1297700995 484402 59.604115 10.749313 431363 1001
1297700996 485411 59.604113 10.749331 491897 1009
1297700997 486412 59.604124 10.749352 428250 1001
1297700998 487420 59.6041266666667 10.7493623333333 315887 1007
1297700999 488421 59.6041293333333 10.7493726666667 233420 1001
1297701000 489430 59.604132 10.749383 264640 1009
1297701001 490480 59.6041346666667 10.7493933333333 289202 1050
1297701002 491481 59.6041373333333 10.7494036666667 299592 1001
1297701003 492482 59.60414 10.749414 320685 1001
1297701004 493491 59.6041426666667 10.7494243333333 323030 1009
1297701005 494501 59.6041453333333 10.7494346666667 313423 1010
1297701006 495502 59.604148 10.749445 374932 1001
1297701007 496510 59.6041506666667 10.7494553333333 309043 1008
1297701008 497511 59.6041533333333 10.7494656666667 279173 1001
1297701009 498512 59.604156 10.749476 307856 1001
1297701010 499531 59.6041586666667 10.7494863333333 319038 1019
1297701011 500610 59.6041613333333 10.7494966666667 328716 1079
1297701012 501611 59.604164 10.749507 372096 1001
1297701013 502621 59.604159 10.749469 335923 1010
1297701014 503622 59.604159 10.749469 301726 1001
1297701015 504631 59.604159 10.749431 325880 1009
1297701016 505641 59.604153 10.74941 283956 1010
1297701017 506642 59.604153 10.74941 247394 1001
1297701018 507651 59.604139 10.749386 328320 1009
1297701019 508661 59.604137 10.7493825714286 250215 1002
1297701020 509662 59.604135 10.7493791428571 309168 1001
1297701021 510671 59.604133 10.7493757142857 278558 1009
1297701022 511672 59.604131 10.7493722857143 392616 1001
1297701023 512681 59.604129 10.7493688571429 130564 1009
1297701024 513701 59.604127 10.7493654285714 253425 1019
1297701025 514711 59.604125 10.749362 311904 1010
1297701026 515712 59.604125 10.749362 242939 1001
1297701027 516721 59.604109 10.749373 267230 1009
1297701028 517731 59.604103 10.749352 320112 1010
1297701029 518751 59.604103 10.749352 247569 1012
1297701031 519761 59.604084 10.749328 317376 1010
1297701032 520763 59.604084 10.749328 252987 1002
1297701033 521771 59.604084 10.749328 283507 1008
1297701034 522774 59.604087 10.749332 333792 1003
1297701035 523792 59.60409 10.749335 350392 1008
1297701036 524922 59.604089 10.749352 324727 1130
1297701037 526081 59.604092 10.749356 351798 1159
1297701038 527082 59.604091 10.749373 235296 1001
1297701039 528112 59.604091 10.749373 210726 1030
1297701040 529453 59.604094 10.749376 16384 1341
1297701041 530461 59.604094 10.749376 501718 1007
1297701042 531463 59.604089 10.749376 252511 1002
1297701043 532471 59.604086 10.749359 271455 1008
1297701044 533472 59.604086 10.749359 327951 1001
1297701045 534481 59.604083 10.749342 322848 1009
1297701046 535492 59.604071 10.749338 289897 1011
1297701047 536502 59.604071 10.749338 387144 1010
1297701048 537522 59.604068 10.749321 338713 1020
1297701049 538535 59.604074 10.749342 343368 1013
1297701050 539542 59.604074 10.749342 275218 1007
1297701051 540662 59.604069 10.749342 281432 1120
1297701053 541823 59.604077 10.749345 320112 1161
1297701054 542832 59.604077 10.749345 220423 1009
1297701055 543842 59.604072 10.749345 222362 1009
1297701056 544852 59.604074 10.749366 262656 1010
1297701057 545853 59.604074 10.749366 219979 1001
1297701058 546882 59.604074 10.749404 234954 1029
1297701059 547892 59.604071 10.749439 361152 1010
1297701060 548893 59.604065 10.749456 303838 1001
1297701061 549894 59.604065 10.749456 374787 1001
1297701062 550902 59.604064 10.749473 322797 1008
1297701063 551913 59.604067 10.749477 331518 1011
1297701064 552922 59.6040655 10.749494 406669 1008
1297701065 553923 59.604064 10.749511 333748 1001
1297701066 554935 59.604061 10.749546 366909 1001
1297701067 556122 59.604068 10.749558 427641 1187
1297701068 557132 59.604075 10.74957 400824 1010
1297701069 558133 59.604087 10.749574 263831 1001
1297701070 559142 59.604099 10.749577 279267 1009
1297701071 560143 59.604095 10.749539 332424 1001
1297701072 561152 59.604102 10.749504 182720 1009
1297701073 562162 59.604102 10.749466 190152 1010
1297701074 563163 59.604088 10.749442 142379 1001
1297701075 564172 59.604086 10.749421 210672 1009
1297701076 565184 59.60408 10.7494 250959 1001
1297701077 566372 59.604079 10.74938 337259 1188
1297701078 567373 59.604076 10.749376 332424 1001
1297701079 568383 59.604062 10.749352 283256 1010
1297701080 569393 59.604053 10.749328 281195 1009
1297701081 570483 59.604031 10.749263 403560 1007
1297701082 571493 59.6040241111111 10.7492331111111 214574 1010
1297701083 572502 59.6040172222222 10.7492032222222 250344 1009
1297701084 573503 59.6040103333333 10.7491733333333 184128 1001
1297701085 574512 59.6040034444444 10.7491434444444 225720 1009
1297701086 575543 59.6039965555556 10.7491135555556 182800 1019
1297701087 576597 59.6039896666667 10.7490836666667 227056 1053
1297701088 577603 59.6039827777778 10.7490537777778 224642 1005
1297701089 578619 59.6039758888889 10.7490238888889 229846 1016
1297701090 579623 59.603969 10.748994 198928 1004
1297701091 580643 59.603967 10.748973 208582 1007
1297701092 581644 59.603967 10.748973 253080 1001
1297701093 582654 59.603966 10.748952 225354 1010
1297701094 583663 59.603966 10.748952 236664 1009
1297701097 585798 59.603969 10.74897 58492 2135
1297701098 586823 59.603973 10.74897 734315 1025
1297701099 588143 59.603973 10.74897 268128 1320
1297701100 589153 59.603975 10.748952 195673 1010
1297701101 590173 59.603981 10.748973 216144 1020
1297701102 591294 59.60398 10.748991 213546 1121
1297701103 592303 59.603993 10.749015 322848 1009
1297701104 593383 59.604 10.749035 291673 1080
1297701105 594403 59.604007 10.749077 259920 1020
1297701106 595423 59.604023 10.749083 238032 1020
1297701107 596433 59.604024 10.749104 178226 1010
1297701108 597443 59.604033 10.749128 233928 1010
1297701109 598454 59.604041 10.749169 179208 1011
1297701110 599463 59.604041 10.749169 244275 1009
1297701111 600563 59.604058 10.749197 337310 1100
1297701112 601583 59.604066 10.7492 284544 1020
1297701113 602584 59.604066 10.7492 230985 1001
1297701114 603585 59.60408 10.749262 253726 1001
1297701115 604643 59.604086 10.749283 311985 1058
1297701117 605803 59.604086 10.749283 381912 1160
1297701118 606944 59.604096 10.749289 372109 1141
1297701119 608073 59.604098 10.74931 372719 1129
1297701120 609134 59.604097 10.749328 333636 1061
1297701121 610135 59.604104 10.749331 328820 1001
1297701122 611204 59.604112 10.749334 302123 1069
1297701123 612205 59.604106 10.749352 315935 1001
1297701124 613206 59.604112 10.749372 361135 1001
1297701125 614207 59.604118 10.749393 321889 1001
1297701126 615214 59.604124 10.749414 278228 1007
1297701127 616244 59.604123 10.749431 307151 1030
1297701128 617245 59.604124 10.749452 325651 1001
1297701129 618255 59.604132 10.749455 275501 1010
1297701130 619274 59.604124 10.749452 272232 1019
1297701131 620294 59.604124 10.749452 138889 1020
1297701132 621303 59.604124 10.749452 175104 1009
1297701133 622304 59.604132 10.749455 169632 1001
1297701134 623314 59.604124 10.749452 141692 1010
1297701135 624315 59.604138 10.749438 300960 1001
1297701136 625324 59.60413 10.749434 324216 1009
1297701137 626334 59.604132 10.749417 264347 1010
1297701138 627464 59.604132 10.749417 297140 1130
1297701139 628474 59.604138 10.7494 255816 1010
1297701140 629475 59.604138 10.7494 233622 1001
1297701141 630476 59.6041425 10.749419 274968 1001
1297701142 631484 59.604147 10.749438 298246 1008
1297701143 632485 59.604147 10.749438 325931 1001
1297701144 633486 59.604164 10.749441 263919 1001
1297701145 634494 59.604162 10.749458 255156 1008
1297701146 635495 59.604162 10.749458 333505 1001
1297701147 636496 59.60417 10.749476 337896 1001
1297701149 638431 59.604169 10.749493 164606 1935
1297701150 639435 59.604172 10.749511 692451 1004
1297701151 640445 59.604175 10.749528 393345 1010
1297701152 641446 59.604175 10.749528 411257 1001
1297701153 642447 59.604166 10.749542 338180 1001
1297701154 643565 59.604155 10.749535 359070 1118
1297701155 644566 59.604155 10.749535 422713 1001
1297701156 645567 59.6041485 10.7495375 458857 1001
1297701157 646756 59.604142 10.74954 476813 1189
1297701158 647824 59.6041355 10.7495425 331084 1068
1297701159 648825 59.604129 10.749545 398088 1001
1297701161 649924 59.604116 10.74955 347275 1099
1297701162 650925 59.604108 10.749547 405964 1001
1297701163 651926 59.604109 10.74953 401032 1001
1297701164 652935 59.604117 10.749495 395896 1009
1297701165 653936 59.604121 10.749495 389743 1001
1297701166 654937 59.60412 10.749474 398036 1001
1297701167 655955 59.60412 10.749436 155446 1006
1297701168 656965 59.604126 10.749419 229824 1010
1297701169 657966 59.604132 10.749401 272012 1001
1297701170 659095 59.604127 10.749363 354058 1129
1297701171 660096 59.604133 10.749346 199728 1001
1297701172 661105 59.604131 10.749325 229824 1009
1297701173 662115 59.604133 10.749308 260744 1010
1297701174 663126 59.604131 10.749287 400101 1011
1297701175 664135 59.604132 10.74927 371871 1008
1297701176 665150 59.604125 10.749266 404193 1015
1297701177 666165 59.604119 10.749246 350202 1014
1297701178 667175 59.604116 10.749242 283176 1010
1297701179 668185 59.604117 10.749225 202835 1010
1297701180 669195 59.604117 10.749225 246240 1010
1297701181 670205 59.604119 10.749208 175632 1010
1297701182 671215 59.604126 10.749211 203832 1010
1297701183 672235 59.604134 10.749214 180576 1020
1297701184 673245 59.6041345789474 10.7492079473684 214656 1010
1297701185 674265 59.6041351578947 10.7492018947368 210672 1020
1297701186 675325 59.6041357368421 10.7491958421053 148967 1060
1297701187 676326 59.6041363157895 10.7491897894737 298224 1001
1297701188 677335 59.6041368947368 10.7491837368421 312546 1009
1297701189 678340 59.6041374736842 10.7491776842105 374832 1005
1297701190 679345 59.6041380526316 10.7491716315789 266107 1005
1297701191 680356 59.6041386315789 10.7491655789474 237289 1011
1297701192 681376 59.6041392105263 10.7491595263158 195487 1010
1297701193 682395 59.6041397894737 10.7491534736842 195377 1019
1297701194 683405 59.6041403684211 10.7491474210526 254766 1010
1297701195 684425 59.6041409473684 10.7491413684211 200853 1020
1297701196 685435 59.6041415263158 10.7491353157895 161081 1010
1297701197 686556 59.6041421052632 10.7491292631579 185881 1092
1297701198 687565 59.6041426842105 10.7491232105263 240637 1009
1297701199 688575 59.6041432631579 10.7491171578947 191520 1010
1297701200 689605 59.6041438421053 10.7491111052632 122155 1030
1297701202 691435 59.604145 10.749099 42440 1829
1297701203 692476 59.604132 10.749075 167649 1041
1297701204 693486 59.604127 10.749051 208104 1010
1297701205 694496 59.604127 10.749051 261288 1010
1297701206 695497 59.604127 10.749051 279642 1001
1297701207 696556 59.604124 10.749048 310764 1059
1297701208 697558 59.604122 10.749027 341255 1002
1297701209 698566 59.604122 10.749027 306759 1008
1297701210 699576 59.604115 10.749024 209408 1010
1297701211 700577 59.604115 10.749024 265324 1001
1297701212 701586 59.604115 10.749024 280412 1009
1297701213 702596 59.604124 10.74901 371721 1002
1297701214 703597 59.604124 10.74901 374403 1001
1297701215 704696 59.604124 10.74901 279820 1099
1297701216 705697 59.604138 10.749034 363888 1001
1297701217 706706 59.604151 10.749058 240897 1009
1297701219 707836 59.604151 10.749058 267478 1122
1297701220 708837 59.604188 10.749091 291384 1001
1297701221 709846 59.604212 10.749136 226203 1009
1297701222 710847 59.604212 10.749136 279072 1001
1297701223 711856 59.604264 10.749229 184841 1009
1297701224 713016 59.6043 10.749294 214604 1151
1297701225 714026 59.604323 10.749356 213408 1010
1297701226 715067 59.604356 10.749439 198621 1041
1297701227 716076 59.604399 10.749508 185328 1007
1297701228 717092 59.60444 10.749594 220216 1016
1297701229 718097 59.604485 10.749698 157498 1005
1297701230 719146 59.604534 10.749787 192740 1049
1297701231 720156 59.604586 10.749894 268128 1010
1297701232 721157 59.604642 10.750001 241390 1001
1297701233 722158 59.604701 10.750128 216681 1001
1297701234 723177 59.60477 10.750276 210069 1018
1297701235 724186 59.604835 10.750407 250344 1009
1297701236 725187 59.604904 10.750555 189237 1001
1297701237 726196 59.604979 10.750724 179207 1009
1297701238 727216 59.605062 10.750897 171000 1020
1297701239 728226 59.605145 10.751069 138181 1010
1297701240 729227 59.605226 10.751258 155952 1001
1297701241 730466 59.605408 10.751644 166880 1239
1297701242 731476 59.605408 10.751644 161424 1010
1297701243 732477 59.605601 10.752051 157320 1001
1297701244 733657 59.605702 10.752247 146059 1180
1297701245 734667 59.605702 10.752247 126669 1010
1297701246 735677 59.605907 10.752695 168922 1010
1297701248 736767 59.606019 10.752912 183829 1090
1297701249 737768 59.606019 10.752912 217512 1001
1297701250 739057 59.606241 10.753401 163140 1289
1297701251 740058 59.606363 10.753639 155640 1001
1297701252 741088 59.60648 10.753894 184416 1030
1297701253 742163 59.606604 10.754153 209272 1075
1297701254 743167 59.606725 10.754408 191611 1003
1297701255 744177 59.606852 10.754683 205564 1010
1297701256 745187 59.606979 10.754959 262656 1010
1297701257 746197 59.607108 10.755218 196733 1010
1297701258 747207 59.607242 10.755497 174336 1010
1297701259 748237 59.60738 10.755793 126167 1019
1297701260 749247 59.607519 10.756072 109440 1010
1297701261 750257 59.607662 10.756355 124488 1010
1297701262 751296 59.607799 10.756651 65207 1039
1297701263 752297 59.607945 10.756951 102600 1001
1297701264 753317 59.60809 10.757251 139536 1004
1297701265 754337 59.608234 10.757568 138809 1020
1297701266 755358 59.608392 10.757871 192888 1021
1297701267 756367 59.608536 10.758188 150127 1008
1297701268 757527 59.608843 10.758829 142069 1160
1297701269 758537 59.608843 10.758829 175104 1010
1297701270 759547 59.609154 10.759488 118822 1010
1297701271 760557 59.60931 10.759808 114932 1010
1297701272 761567 59.60931 10.759808 109440 1010
1297701273 762568 59.609629 10.76047 95897 1001
1297701275 763817 59.609791 10.760811 125772 1166
1297701276 764818 59.609791 10.760811 129960 1001
1297701277 765827 59.610115 10.761494 117863 1009
1297701278 766838 59.610282 10.761835 114260 1011
1297701279 767848 59.610282 10.761835 173736 1010
1297701280 768867 59.610605 10.762535 94320 1008
1297701281 769877 59.610772 10.762876 113509 1010
1297701282 770888 59.610934 10.763218 121752 1011
1297701283 771907 59.611095 10.763576 74942 1019
1297701284 772918 59.611261 10.763935 102600 1011
1297701285 773937 59.611434 10.764297 85344 1010
1297701286 774938 59.611606 10.764659 96960 1001
1297701287 776068 59.611788 10.765007 123913 1130
1297701288 777078 59.611974 10.765372 134064 1010
1297701289 778088 59.612153 10.765717 126671 1010
1297701290 779108 59.612344 10.766051 143712 1020
1297701291 780118 59.612539 10.766384 119694 1009
1297701292 781122 59.612735 10.766718 136911 1004
1297701293 782168 59.61293 10.767052 154163 1046
1297701294 783178 59.613126 10.767386 205200 1010
1297701295 784179 59.613331 10.767706 152742 1001
1297701296 785188 59.61354 10.768026 253080 1009
1297701297 786189 59.613744 10.768345 209887 1001
1297701298 787199 59.613955 10.768648 181456 1010
1297701299 788218 59.614172 10.768971 127224 1018
1297701300 789248 59.614382 10.769273 84443 1020
1297701301 790288 59.614595 10.769558 62928 1040
1297701302 791318 59.614814 10.769846 39672 1030
1297701303 792378 59.615031 10.770131 32832 1060
1297701304 793408 59.615252 10.770402 32832 1030
1297701306 794829 59.615484 10.770656 16384 1413
1297701307 795868 59.615951 10.771149 42818 1039
1297701308 796918 59.616188 10.771388 21888 1050
1297701309 797939 59.616421 10.771624 25992 1021
1297701310 798958 59.616663 10.771846 58824 1019
1297701311 800008 59.616913 10.772071 21888 1043
1297701312 801378 59.617155 10.772293 17784 1370
1297701444 933427 59.651114 10.798579 5472 132049
1297701445 934588 59.651697 10.798549 104072 1161
1297701446 935597 59.651697 10.798549 184646 1009
1297701448 936787 59.652267 10.798517 167504 1190
1297701449 937788 59.652558 10.798502 210516 1001
1297701450 938867 59.652558 10.798502 165843 1079
1297701451 939868 59.65313 10.798451 223315 1001
1297701452 940878 59.653411 10.798416 191816 1010
1297701453 941898 59.653411 10.798416 237765 1020
1297701454 942908 59.653976 10.798345 203542 1010
1297701455 943927 59.654258 10.798292 204475 1019
1297701456 944938 59.654539 10.798256 215629 1011
1297701457 945948 59.654824 10.798221 259274 1010
1297701458 946949 59.655105 10.798185 312503 1001
1297701459 947950 59.655374 10.798129 299559 1001
1297701460 949107 59.655656 10.798076 391723 1157
1297701461 950187 59.655926 10.798019 303372 1080
1297701462 951268 59.656189 10.79796 368275 1081
1297701463 952298 59.656455 10.797886 349878 1030
1297701464 953378 59.656718 10.797826 365322 1080
1297701465 954507 59.657219 10.797669 323844 1129
1297701466 955508 59.657459 10.797585 313744 1001
1297701467 956509 59.657459 10.797585 355155 1001
1297701468 957511 59.657939 10.7974 353006 1002
1297701469 958518 59.658163 10.79731 381938 1007
1297701470 959598 59.658163 10.79731 394568 1080
1297701471 960599 59.658605 10.797095 399698 1001
1297701472 961600 59.658831 10.796987 481234 1001
1297701473 962698 59.658831 10.796987 414546 1098
1297701475 963778 59.659257 10.796782 538586 1080
1297701476 964779 59.659458 10.796667 357095 1001
1297701477 965788 59.659458 10.796667 383681 1009
1297701478 966948 59.659864 10.796456 348296 1160
1297701479 967959 59.660056 10.796356 405200 1011
1297701480 968968 59.660241 10.796252 291085 1009
1297701481 969978 59.660433 10.796152 269424 1010
1297701482 970979 59.660606 10.796045 274317 1001
1297701483 971988 59.660777 10.795955 311904 1009
1297701484 972989 59.660945 10.795848 268008 1001
1297701485 973990 59.661108 10.795755 285489 1001
1297701486 975008 59.661266 10.79568 286545 1018
1297701487 976010 59.661417 10.795584 335160 1001
1297701488 977018 59.661562 10.795505 265043 1008
1297701489 978029 59.661705 10.795423 295488 1011
1297701490 979057 59.661842 10.795341 203715 1028
1297701491 980058 59.66198 10.795259 212040 1001
1297701492 981068 59.662109 10.79519 103041 1010
1297701493 982078 59.662225 10.795119 214776 1010
1297701494 983088 59.662351 10.795034 179669 1010
1297701495 984089 59.662467 10.794962 188784 1001
1297701496 985098 59.662575 10.794905 151541 1009
1297701497 986198 59.662679 10.794831 226566 1100
1297701498 987199 59.662782 10.794773 224352 1001
1297701499 988208 59.662885 10.794716 167316 1009
1297701500 989268 59.662976 10.794656 176889 1060
1297701501 990269 59.663065 10.794612 203832 1001
1297701502 991280 59.663156 10.794552 258255 1011
1297701503 992298 59.663236 10.794523 306549 1006
1297701504 993309 59.663314 10.794476 201877 1011
1297701505 994319 59.663383 10.794427 173331 1010
1297701506 995329 59.663453 10.794377 213408 1010
1297701507 996330 59.663516 10.794344 202194 1001
1297701508 997349 59.663572 10.794309 249988 1010
1297701509 998359 59.663628 10.794273 255816 1010
1297701510 999369 59.663677 10.794234 230847 1010
1297701511 1000379 59.663719 10.794213 302328 1010
1297701512 1001389 59.663754 10.794188 145459 1010
1297701513 1002409 59.663787 10.79418 186048 1007
1297701514 1003419 59.663815 10.794152 173736 1010
1297701515 1004609 59.66384 10.794141 144742 1190
1297701519 1007960 59.663896 10.794106 102568 3351
1297701520 1009239 59.663896 10.794106 702371 1279
1297701521 1010240 59.66389 10.794085 190152 1001
1297701522 1011249 59.66389 10.794085 240768 1009
1297701523 1012269 59.66389 10.794085 171666 1020
1297701524 1013270 59.663883 10.794081 220248 1001
1297701525 1014279 59.663883 10.794081 226623 1009
1297701526 1015280 59.663883 10.794081 221616 1001
1297701527 1016299 59.663883 10.794081 164867 1019
1297701528 1017309 59.663873 10.794096 180576 1010
1297701529 1018329 59.663873 10.794096 166646 1012
1297701530 1019429 59.663873 10.794096 238067 1100
1297701531 1020439 59.663866 10.794092 201096 1010
1297701532 1021440 59.663866 10.794092 140668 1001
1297701533 1022441 59.663866 10.794092 210672 1001
1297701534 1023479 59.663866 10.794092 187183 1004
1297701535 1024589 59.663866 10.794092 192409 1110
1297701536 1025590 59.663866 10.794092 276336 1001
1297701537 1026599 59.663858 10.794089 212837 1009
1297701538 1027600 59.663863 10.794089 228227 1001
1297701539 1028610 59.663863 10.794089 287272 1002
1297701540 1029619 59.663855 10.794086 267123 1009
1297701541 1030640 59.663855 10.794086 206568 1021
1297701542 1031650 59.663855 10.794086 149204 1010
1297701543 1032659 59.663855 10.794086 196919 1009
1297701544 1033670 59.663848 10.794082 264024 1002
1297701545 1034680 59.663848 10.794082 220103 1010
1297701546 1035682 59.663852 10.794082 223958 1002
1297701547 1036730 59.663852 10.794082 243878 1048
1297701548 1037740 59.663852 10.794082 296856 1010
1297701550 1038764 59.663852 10.794082 217586 1012
1297701551 1039770 59.663852 10.794082 372096 1006
1297701552 1040780 59.663852 10.794082 233517 1010
1297701553 1041781 59.663852 10.794082 372096 1001
1297701554 1042801 59.663854 10.794065 264544 1020
1297701555 1043811 59.663854 10.794065 412948 1001
1297701556 1044812 59.663846 10.794062 277625 1001
1297701557 1045820 59.663846 10.794062 300160 1008
1297701558 1046821 59.663846 10.794062 276791 1001
1297701559 1047830 59.66385 10.794062 276355 1009
1297701560 1048851 59.66385 10.794062 235296 1012
1297701561 1049860 59.66385 10.794062 184660 1009
1297701562 1050870 59.66385 10.794062 273600 1010
1297701563 1051871 59.663856 10.794044 268866 1001
1297701564 1052891 59.663856 10.794044 295762 1020
1297701565 1054030 59.663878 10.794033 339684 1139
1297701566 1055053 59.663891 10.794019 291384 1023
1297701567 1056060 59.663917 10.794008 177892 1007
1297701568 1057061 59.66395 10.794001 213408 1001
1297701569 1058190 59.663978 10.793973 150651 1129
1297701570 1059200 59.664012 10.793948 121752 1010
1297701571 1060201 59.664059 10.793926 105336 1001
1297701572 1061210 59.664111 10.793905 128107 1009
1297701573 1062220 59.664159 10.793866 125856 1010
1297701574 1063240 59.66422 10.79383 138168 1020
1297701575 1064241 59.664279 10.793774 113716 1001
1297701576 1065250 59.664353 10.793724 181944 1009
1297701577 1066251 59.664425 10.793692 122444 1001
1297701578 1067252 59.6645 10.793642 218880 1001
1297701579 1068270 59.66458 10.793575 199691 1018
1297701580 1069271 59.664666 10.793528 204553 1001
1297701581 1070281 59.664761 10.793468 177411 1010
1297701582 1071431 59.664855 10.793424 220208 1150
1297701583 1072551 59.665076 10.793331 228410 1120
1297701584 1073561 59.665076 10.793331 183312 1010
1297701585 1074571 59.665313 10.793244 130661 1010
1297701586 1075572 59.665434 10.79321 188914 1001
1297701587 1076581 59.665434 10.79321 238046 1009
1297701588 1077602 59.665696 10.793151 176048 1021
1297701589 1078611 59.665829 10.793121 254448 1009
1297701590 1079631 59.665829 10.793121 217429 1010
1297701591 1080651 59.666104 10.793065 179394 1020
1297701592 1081662 59.666237 10.793035 172194 1011
1297701593 1082671 59.666237 10.793035 187416 1009
1297701594 1083681 59.666539 10.792988 143343 1010
1297701595 1084701 59.666691 10.792983 153216 1009
1297701596 1085702 59.666691 10.792983 135985 1001
1297701597 1086711 59.667002 10.792974 196778 1009
1297701598 1087721 59.667161 10.792972 217512 1010
1297701599 1088731 59.667161 10.792972 154964 1010
1297701600 1089751 59.667501 10.793009 134064 1008
1297701602 1090763 59.667671 10.793027 71727 1012
1297701603 1091801 59.667671 10.793027 71136 1038
1297701604 1092811 59.668017 10.793084 63645 1010
1297701605 1093821 59.668198 10.793123 110808 1010
1297701606 1094842 59.668198 10.793123 105155 1011
1297701607 1095851 59.668567 10.793205 128592 1009
1297701608 1096871 59.668746 10.793261 122893 1020
1297701609 1097881 59.668746 10.793261 125856 1010
1297701610 1098951 59.669132 10.793384 93824 1070
1297701611 1099971 59.669331 10.793447 97128 1020
1297701612 1101001 59.669522 10.793507 45144 1030
1297701625 1113876 59.669926 10.793654 16384 12875
1297701626 1114912 59.672517 10.794641 200399 1035
1297701627 1115974 59.67275 10.794735 5472 1062
1297701641 1130527 59.676165 10.796133 2736 14552
1297701642 1131537 59.67669 10.796323 65664 1010
1297701643 1132587 59.676955 10.796427 65495 1050
1297701644 1133647 59.676955 10.796427 59809 1060
1297701645 1134648 59.677485 10.796618 75043 1001
1297701647 1135777 59.677749 10.796721 88289 1129
1297701648 1136778 59.677749 10.796721 123689 1001
1297701649 1137788 59.678293 10.796936 143278 1010
1297701650 1138797 59.678567 10.797026 136009 1009
1297701651 1139978 59.678839 10.797133 152791 1181
1297701652 1140987 59.679115 10.79724 151956 1009
1297701653 1141998 59.679389 10.79733 168264 1011
1297701654 1143017 59.679661 10.797437 141345 1019
1297701655 1144018 59.679939 10.797527 99999 1001
1297701656 1145037 59.680219 10.797637 104428 1019
1297701657 1146038 59.680495 10.797745 86239 1001
1297701658 1147047 59.680787 10.797858 100872 1008
1297701659 1148087 59.68107 10.797986 50373 1040
1297701660 1149207 59.681361 10.7981 55010 1120
1297701661 1150358 59.681641 10.798211 107574 1151
1297701662 1151428 59.681933 10.798325 117485 1070
1297701663 1152507 59.682521 10.798553 139790 1079
1297701664 1153508 59.68282 10.79867 158490 1001
1297701665 1154518 59.68282 10.79867 180219 1010
1297701666 1155708 59.683404 10.798898 146661 1190
1297701667 1156718 59.683695 10.799011 146059 1010
1297701668 1157728 59.683695 10.799011 187782 1010
1297701669 1158738 59.68429 10.79926 200562 1010
1297701670 1159748 59.684581 10.799374 193664 1010
1297701672 1160762 59.684581 10.799374 183532 1014
1297701673 1161948 59.685177 10.799605 199457 1186
1297701674 1162958 59.685469 10.799719 195624 1010
1297701675 1163968 59.685773 10.799836 95349 1010
1297701676 1164998 59.686078 10.799974 58824 1030
1297701677 1166037 59.686376 10.800109 31464 1039
1297701678 1167038 59.686673 10.800261 23256 1001
1297701679 1168068 59.686969 10.800413 42408 1030
1297701680 1169098 59.687266 10.800565 45144 1030
1297701681 1170118 59.687558 10.800717 76756 1020
1297701682 1171198 59.68785 10.800883 162663 1080
1297701683 1172208 59.688143 10.801071 93024 1010
1297701684 1173219 59.688437 10.801258 74525 1011
1297701685 1174238 59.688723 10.801441 103968 1019
1297701686 1175248 59.689019 10.801646 91031 1010
1297701687 1176256 59.689304 10.801847 102600 1008
1297701688 1177258 59.689596 10.802051 65903 1002
1297701689 1178278 59.689879 10.80227 62928 1020
1297701720 1208830 59.697817 10.810896 21888 30536
1297701721 1209932 59.698305 10.811579 1368 1102
1297701723 1212493 59.698799 10.812282 4104 2561
1297701725 1213792 59.699269 10.813031 6840 1299
1297701780 1268546 59.7112063913043 10.8290168695652 1368 54754
1297701781 1269547 59.7114234347826 10.8293075217391 67032 1001
1297701782 1270557 59.7116404782609 10.829598173913 48926 1010
1297701783 1271566 59.7118575217391 10.829888826087 161110 1009
1297701784 1272576 59.7120745652174 10.8301794782609 117877 1010
1297701785 1273577 59.7122916086957 10.8304701304348 132041 1001
1297701786 1274578 59.7125086521739 10.8307607826087 137815 1001
1297701787 1275587 59.7127256956522 10.8310514347826 174311 1009
1297701788 1276597 59.7129427391304 10.8313420869565 142346 1010
1297701789 1277607 59.7131597826087 10.8316327391304 201310 1010
1297701790 1278727 59.713376826087 10.8319233913043 180732 1120
1297701791 1279747 59.7135938695652 10.8322140434783 167523 1020
1297701792 1280797 59.7138109130435 10.8325046956522 134064 1050
1297701794 1282976 59.714245 10.833086 34228 2179
1297701795 1283977 59.714397 10.833171 193464 1001
1297701796 1285077 59.714556 10.833277 77976 1100
1297701797 1286097 59.714721 10.833348 115338 1020
1297701798 1287106 59.714875 10.833416 154251 1009
1297701799 1288107 59.715042 10.833469 128396 1001
1297701800 1289108 59.715198 10.833502 156854 1001
1297701801 1290109 59.715365 10.833555 149906 1001
1297701802 1291298 59.715522 10.833588 222281 1189
1297701803 1292307 59.715681 10.833638 184319 1009
1297701804 1293327 59.715845 10.833674 118945 1020
1297701805 1294517 59.716156 10.833757 151397 1190
1297701806 1295527 59.716156 10.833757 116280 1010
1297701807 1296547 59.71645 10.833854 95760 1020
1297701809 1297767 59.716592 10.8339 68498 1220
1297701810 1298797 59.716592 10.8339 72504 1030
1297701811 1300687 59.716984 10.834031 23256 1890
1297701812 1301727 59.716984 10.834031 145469 1040
1297701813 1302728 59.717238 10.834114 161424 1001
1297701815 1303947 59.717357 10.834154 200359 1219
1297701816 1304948 59.717472 10.834191 162071 1001
1297701817 1305957 59.71759 10.834231 182727 1009
1297701818 1307077 59.717707 10.83425 202431 1120
1297701819 1308078 59.717818 10.834287 207199 1001
1297701820 1309097 59.717929 10.834324 166733 1019
1297701821 1310307 59.71804 10.83436 164455 1210
1297701822 1311328 59.718151 10.834397 169800 1021
1297701823 1312329 59.718263 10.834416 210247 1001
1297701824 1313357 59.718367 10.83445 206290 1028
1297701825 1314378 59.718473 10.834487 203384 1021
1297701826 1315379 59.718578 10.834503 232011 1001
1297701827 1316387 59.718682 10.834519 231072 1008
1297701828 1317388 59.718774 10.834549 198347 1001
1297701829 1318398 59.718865 10.834579 187446 1010
1297701830 1319408 59.718956 10.834609 185734 1010
1297701831 1320417 59.719041 10.834618 183033 1009
1297701832 1321547 59.719202 10.834651 201961 1034
1297701833 1322548 59.719202 10.834651 217512 1001
1297701834 1323558 59.719349 10.834697 137325 1010
1297701835 1324568 59.719411 10.834697 152276 1010
1297701836 1325578 59.719411 10.834697 199728 1010
1297701837 1326598 59.719525 10.834713 165868 1009
1297701838 1327608 59.719561 10.834723 167712 1010
1297701839 1328618 59.719561 10.834723 220248 1010
1297701840 1329628 59.71963 10.834743 155461 1010
1297701841 1330638 59.719646 10.834746 224352 1010
1297701842 1331648 59.719646 10.834746 191870 1001
1297701843 1332658 59.719672 10.834735 204900 1010
1297701844 1333668 59.719677 10.834735 266760 1010
1297701845 1334678 59.719677 10.834735 198269 1010
1297701846 1335728 59.719677 10.834735 148758 1050
1297701847 1336738 59.719671 10.834753 192888 1010
1297701848 1337739 59.719671 10.834753 206937 1001
1297701849 1338740 59.719671 10.834753 251733 1001
1297701850 1339748 59.719671 10.834753 247333 1008
1297701851 1340750 59.719671 10.834753 191886 1002
1297701853 1341768 59.719678 10.834756 244912 1018
1297701854 1342769 59.71968 10.834777 342000 1001
1297701855 1343778 59.71968 10.834777 278507 1009
1297701856 1344788 59.719688 10.83478 224480 1010
1297701857 1345819 59.719691 10.834783 181944 1031
1297701858 1346828 59.719691 10.834783 256869 1009
1297701859 1347829 59.7197 10.834769 316008 1001
1297701860 1348839 59.7197 10.834769 259749 1010
1297701861 1349840 59.7197 10.834769 246698 1001
1297701862 1350848 59.719695 10.834769 289098 1008
1297701863 1351948 59.719695 10.834769 308349 1091
1297701864 1353048 59.719703 10.834773 291259 1100
1297701865 1354049 59.719704 10.834755 288487 1001
1297701866 1355069 59.719704 10.834755 335160 1020
1297701867 1356070 59.719704 10.834755 259395 1001
1297701868 1357078 59.719698 10.834734 287507 1008
1297701869 1358208 59.719703 10.834734 261535 1130
1297701870 1359210 59.719703 10.834734 302328 1001
1297701871 1360218 59.719701 10.834714 254459 1008
1297701872 1361219 59.719701 10.834714 221186 1001
1297701873 1362239 59.719698 10.83471 380304 1020
1297701874 1363240 59.719702 10.83471 281914 1001
1297701875 1364259 59.719702 10.83471 294067 1019
1297701876 1365260 59.719701 10.83469 398088 1001
1297701877 1366269 59.719705 10.83469 309663 1008
1297701878 1367279 59.719699 10.834669 277936 1010
1297701879 1368289 59.719704 10.834669 296191 1010
1297701880 1369329 59.719704 10.834669 280833 1040
1297701881 1370339 59.719701 10.834665 326952 1010
1297701882 1371349 59.719701 10.834665 199113 1010
1297701883 1372359 59.719705 10.834665 198537 1001
1297701884 1373499 59.719714 10.834651 235704 1140
1297701885 1374509 59.719729 10.834672 257627 1010
1297701886 1375510 59.719742 10.834675 234096 1001
1297701887 1376519 59.719742 10.834675 230959 1008
1297701888 1377529 59.719783 10.834671 233237 1002
1297701889 1378539 59.719802 10.834678 175397 1010
1297701890 1379549 59.719802 10.834678 175104 1010
1297701891 1380559 59.719845 10.834709 138676 1010
1297701892 1381569 59.719877 10.834719 206568 1010
1297701893 1382580 59.719877 10.834719 209028 1001
1297701894 1383589 59.719963 10.834749 224381 1009
1297701895 1384629 59.720016 10.834748 216431 1040
1297701896 1385630 59.720016 10.834748 254448 1001
1297701897 1386640 59.720132 10.834785 254036 1010
1297701898 1387659 59.720184 10.834802 221616 1007
1297701899 1388679 59.720184 10.834802 168264 1020
1297701900 1389729 59.720319 10.834845 70375 1050
1297701901 1390730 59.720383 10.834865 188784 1001
1297701902 1391740 59.720383 10.834865 298224 1010
1297701904 1393009 59.720533 10.834877 238946 1012
1297701905 1394019 59.720613 10.834886 270864 1010
1297701906 1395090 59.720706 10.834899 262027 1071
1297701907 1396091 59.720803 10.834911 309168 1001
1297701908 1397110 59.720915 10.834931 229413 1019
1297701909 1398120 59.721022 10.834967 119016 1010
1297701910 1399129 59.72114 10.835008 47880 1009
1297701911 1400189 59.721259 10.835048 71880 1060
1297701912 1401195 59.721383 10.835109 195624 1006
1297701913 1402201 59.721503 10.835131 314019 1006
1297701914 1403209 59.721634 10.835175 226686 1008
1297701915 1404210 59.721768 10.835221 169406 1001
1297701916 1405240 59.721897 10.835282 190152 1030
1297701917 1406241 59.722028 10.835326 169331 1001
1297701918 1407250 59.722158 10.835369 225238 1009
1297701919 1408270 59.722287 10.83543 223591 1020
1297701920 1409281 59.722418 10.835473 296333 1011
1297701921 1410401 59.72255 10.835552 228646 1120
1297701922 1411590 59.722821 10.835729 245209 1189
1297701923 1412601 59.722821 10.835729 242136 1011
1297701924 1413620 59.723093 10.83598 185977 1009
1297701925 1414740 59.723235 10.836097 260504 1120
1297701926 1415741 59.723235 10.836097 255816 1001
1297701928 1416940 59.72352 10.836389 241851 1199
1297701929 1417942 59.723666 10.836544 225720 1002
1297701930 1418950 59.723806 10.836716 160056 1008
1297701931 1419954 59.723948 10.836871 145538 1004
1297701932 1420960 59.724092 10.837043 259920 1006
1297701933 1421970 59.724242 10.837201 231312 1010
1297701934 1422990 59.724402 10.83738 214776 1020
1297701935 1424000 59.724553 10.837573 172446 1001
1297701936 1425001 59.72472 10.837756 233928 1001
1297701937 1426010 59.72488 10.837935 181697 1009
1297701938 1427020 59.725043 10.838117 222984 1010
1297701939 1428021 59.725211 10.838299 227088 1001
1297701940 1429030 59.725378 10.838482 177092 1008
1297701941 1430031 59.725552 10.838647 240768 1001
1297701942 1431040 59.725721 10.838812 270308 1009
1297701943 1432041 59.725903 10.838962 279029 1001
1297701944 1433090 59.726088 10.839096 333018 1049
1297701945 1434241 59.726273 10.839212 418626 1151
1297701946 1435295 59.726471 10.839331 381174 1054
1297701947 1436296 59.726671 10.839415 430920 1001
1297701948 1437301 59.726884 10.839503 302227 1005
1297701949 1438302 59.727091 10.83957 345122 1001
1297701950 1439321 59.727299 10.839619 311008 1009
1297701951 1440330 59.727516 10.839654 329844 1009
1297701952 1441331 59.727725 10.839686 297508 1001
1297701953 1442341 59.727947 10.839722 303696 1010
1297701954 1443351 59.728168 10.839757 239266 1010
1297701955 1444371 59.728387 10.839775 280436 1008
1297701956 1445372 59.728609 10.83981 393529 1001
1297701957 1446373 59.728838 10.839849 458833 1001
1297701958 1447381 59.729067 10.839887 373404 1008
1297701959 1448383 59.729295 10.839943 217539 1002
1297701960 1449401 59.729521 10.840017 211703 1006
1297701961 1450471 59.729986 10.840206 222393 1070
1297701962 1451472 59.729986 10.840206 285912 1001
1297701963 1452481 59.730217 10.840317 218190 1009
1297701964 1453482 59.730678 10.840558 244059 1001
1297701965 1454501 59.730678 10.840558 246240 1010
1297701966 1455511 59.731156 10.840785 187799 1010
1297701967 1456512 59.731389 10.84088 288648 1001
1297701968 1457513 59.731389 10.84088 317526 1001
1297701969 1458641 59.731878 10.841075 408827 1128
1297701970 1459651 59.732135 10.841124 354521 1003
1297701971 1460691 59.732135 10.841124 282469 1040
1297701973 1461801 59.732645 10.841165 367371 1110
1297701974 1462802 59.732913 10.841127 340632 1001
1297701975 1463811 59.732913 10.841127 297963 1009
1297701976 1464831 59.733432 10.840973 204868 1006
1297701977 1465832 59.733695 10.840896 126046 1001
1297701978 1466841 59.733695 10.840896 191520 1009
1297701979 1467861 59.734224 10.840673 75867 1020
1297701980 1468881 59.734486 10.840561 54720 1020
1297701981 1469901 59.734486 10.840561 101232 1009
1297701984 1472915 59.735281 10.840187 16384 3013
1297701985 1473924 59.735816 10.839946 384889 1009
1297701986 1475003 59.736084 10.839817 145868 1001
1297701987 1476331 59.73636 10.839691 200259 1328
1297701988 1477332 59.736628 10.839561 175104 1001
1297701989 1478342 59.736895 10.839449 159153 1010
1297701990 1479512 59.737437 10.839212 253488 1170
1297701991 1480522 59.737705 10.839082 295488 1010
1297701992 1481532 59.737705 10.839082 249062 1010
1297701993 1482542 59.738241 10.838862 246054 1010
1297701994 1483552 59.738516 10.838753 276336 1010
1297701995 1484562 59.738516 10.838753 187273 1009
1297701997 1486192 59.739043 10.838547 160372 1630
1297701998 1487212 59.739314 10.838474 293427 1020
1297701999 1488402 59.739584 10.838418 131696 1190
1297702000 1489403 59.739852 10.838379 161424 1001
1297702001 1490422 59.740127 10.838361 151109 1019
1297702002 1491432 59.740389 10.83834 152417 1010
1297702003 1492433 59.740664 10.838322 179208 1001
1297702004 1493442 59.740926 10.838301 122529 1009
1297702005 1494452 59.7412 10.8383 101197 1010
1297702006 1495572 59.741732 10.838261 122414 1120
1297702007 1496582 59.741732 10.838261 149112 1010
1297702008 1497603 59.742271 10.838243 75764 1021
1297702009 1498632 59.742539 10.838243 54720 1029
1297702010 1499643 59.742539 10.838243 101232 1011
1297702011 1500672 59.743079 10.838207 61070 1013
1297702012 1501692 59.743343 10.838168 106704 1020
1297702013 1502702 59.743343 10.838168 131328 1010
1297702014 1503703 59.743862 10.838014 97700 1001
1297702015 1504743 59.744113 10.837882 184275 1040
1297702017 1505773 59.744113 10.837882 184680 1017
1297702018 1506792 59.744638 10.83755 147674 1019
1297702019 1507803 59.74488 10.837341 135537 1011
1297702020 1508822 59.74488 10.837341 105336 1019
1297702021 1509842 59.745355 10.836884 87370 1020
1297702022 1510862 59.74559 10.836671 123120 1009
1297702023 1511864 59.74559 10.836671 111380 1002
1297702024 1512882 59.746078 10.836291 117095 1018
1297702025 1513892 59.746328 10.836137 80712 1010
1297702026 1514924 59.746577 10.836001 50616 1032
1297702027 1515964 59.74683 10.835904 30876 1040
1297702029 1517813 59.747089 10.835827 31464 1849
1297702030 1519323 59.747626 10.835749 32832 1510
1297702031 1520423 59.747894 10.835749 74227 1100
1297702032 1521433 59.748157 10.83578 110808 1010
1297702033 1522463 59.748698 10.83594 70743 1030
1297702034 1523488 59.748698 10.83594 54884 1025
1297702035 1524592 59.749236 10.836173 57879 1104
1297702036 1525593 59.749503 10.836281 116280 1001
1297702037 1526623 59.749503 10.836281 115464 1020
1297702038 1527642 59.750032 10.836528 99493 1019
1297702039 1528643 59.750295 10.83665 84816 1001
1297702040 1529653 59.750295 10.83665 52555 1010
1297702041 1530673 59.750815 10.836911 91656 1020
1297702042 1531713 59.751081 10.837036 57409 1027
1297702043 1532723 59.751081 10.837036 63338 1010
1297702045 1533773 59.751599 10.837276 75610 1050
1297702046 1534783 59.751857 10.837398 112176 1010
1297702047 1535793 59.751857 10.837398 90955 1010
1297702048 1537223 59.752385 10.837625 111063 1418
1297702049 1538253 59.752641 10.837726 132696 1030
1297702050 1539263 59.752907 10.837813 74021 1010
1297702051 1540273 59.753164 10.837914 103524 1010
1297702052 1541283 59.753424 10.838018 73872 1010
1297702053 1542293 59.753683 10.838084 47880 1010
1297702054 1543313 59.753946 10.838154 46952 1020
1297702055 1544325 59.754195 10.838199 20520 1012
1297702056 1545405 59.754447 10.83821 76608 1080
1297702057 1546414 59.7547 10.838203 131850 1009
1297702058 1547424 59.754948 10.838175 112040 1010
1297702059 1548463 59.755198 10.838112 136954 1039
1297702060 1549473 59.755669 10.837941 132696 1010
1297702061 1550485 59.755669 10.837941 88620 1012
1297702062 1551495 59.756119 10.837691 109555 1010
1297702063 1552624 59.756341 10.837527 108334 1129
1297702064 1553724 59.756341 10.837527 124228 1100
1297702065 1554725 59.756739 10.837183 148627 1001
1297702066 1555744 59.756934 10.837009 78808 1012
1297702068 1556755 59.756934 10.837009 134064 1011
1297702069 1557765 59.757316 10.836606 159883 1009
1297702070 1558943 59.757502 10.836394 154143 1178
1297702071 1559964 59.757692 10.836182 156442 1021
1297702072 1560965 59.757868 10.83595 133087 1001
1297702073 1561973 59.75804 10.835714 142704 1008
1297702074 1562976 59.758209 10.83546 137564 1003
1297702075 1563984 59.758378 10.835206 132173 1008
1297702076 1564994 59.758541 10.834932 195624 1010
1297702077 1566006 59.758699 10.834658 125939 1012
1297702078 1567024 59.758839 10.834359 118763 1018
1297702079 1568114 59.75898 10.834043 70818 1005
1297702080 1569174 59.759102 10.83372 41040 1060
1297702081 1570184 59.759205 10.833373 25992 1010
1297702082 1571204 59.759298 10.833006 16416 1020
1297702083 1572314 59.759376 10.832617 17784 1110
1297702084 1573334 59.759437 10.832239 13680 1020
1297702085 1574394 59.7595 10.831827 17784 1060
1297702086 1575414 59.759543 10.831425 19152 1020
1297702089 1578205 59.759622 10.830167 13966 2791
1297702092 1581544 59.759716 10.828446 12312 3339
1297702093 1582624 59.759772 10.828029 17784 1080
1297702095 1583914 59.759772 10.828029 5472 1290
1297702096 1584925 59.75993 10.827232 37339 1011
1297702097 1585926 59.760026 10.826829 24382 1001
1297702098 1587044 59.760127 10.826447 46512 1118
1297702099 1588047 59.760252 10.826089 21368 1003
1297702100 1589055 59.760383 10.825752 157428 1008
1297702101 1590065 59.760543 10.82546 90362 1010
1297702102 1591086 59.76071 10.825172 101843 1021
1297702103 1592094 59.760879 10.824918 65929 1008
1297702104 1593105 59.761066 10.824689 69491 1011
1297702105 1594114 59.761246 10.824494 42095 1009
1297702106 1595115 59.761438 10.824303 43776 1001
1297702107 1596135 59.761635 10.82415 11219 1020
1297702108 1597145 59.761837 10.82398 79344 1010
1297702109 1598205 59.762035 10.823809 98388 1060
1297702110 1599315 59.762232 10.823618 154851 1110
1297702111 1600465 59.762598 10.823211 170080 1150
1297702112 1601475 59.762598 10.823211 119496 1010
1297702113 1602496 59.762928 10.822739 171335 1021
1297702114 1603505 59.763091 10.822503 195704 1008
1297702115 1604507 59.763091 10.822503 154009 1002
1297702116 1605535 59.763359 10.82194 185015 1013
1297702117 1606745 59.763452 10.821611 178882 1210
1297702119 1607785 59.763452 10.821611 170330 1040
1297702120 1609006 59.763581 10.820897 173671 1220
1297702121 1610025 59.763618 10.820512 155952 1019
1297702122 1611035 59.763639 10.820121 93362 1010
1297702123 1612105 59.763658 10.819713 99756 1070
1297702124 1613135 59.763658 10.819332 86184 1030
1297702125 1614145 59.763653 10.818952 96495 1010
1297702126 1615155 59.763641 10.818568 135189 1010
1297702127 1616165 59.763629 10.818184 134782 1010
1297702128 1617185 59.763619 10.817783 124525 1020
1297702129 1618245 59.763626 10.817406 96284 1060
1297702130 1619255 59.763649 10.816997 160056 1010
1297702131 1620256 59.763681 10.816627 138504 1001
1297702132 1621266 59.763722 10.816243 144749 1010
1297702133 1622276 59.763791 10.815868 130500 1010
1297702134 1623285 59.763863 10.815494 111799 1009
1297702135 1624296 59.763943 10.81514 120163 1011
1297702136 1625305 59.764026 10.814786 86184 1009
1297702137 1626315 59.764136 10.81446 58597 1010
1297702138 1627425 59.764264 10.814158 118802 1110
1297702139 1628433 59.764391 10.813856 206568 1008
1297702140 1629436 59.764542 10.813578 174080 1003
1297702141 1630445 59.764699 10.813321 204442 1009
1297702142 1631458 59.764862 10.813085 184529 1001
1297702143 1632466 59.765039 10.812887 166650 1008
1297702144 1633476 59.765403 10.81255 165528 1010
1297702145 1634486 59.765403 10.81255 117748 1010
1297702146 1635496 59.765777 10.81229 51984 1010
1297702148 1636762 59.765987 10.812175 47880 1134
1297702149 1638257 59.766199 10.812081 16384 1495
1297702150 1639266 59.766414 10.812005 237577 1008
1297702151 1640286 59.766637 10.811932 148453 1020
1297702152 1641296 59.766858 10.811876 135247 1010
1297702153 1642306 59.76708 10.81182 141501 1010
1297702154 1643486 59.767311 10.811786 185261 1180
1297702155 1644496 59.767772 10.811699 183312 1010
1297702156 1645506 59.768009 10.81165 122777 1010
1297702157 1646517 59.768009 10.81165 104741 1011
1297702158 1647526 59.768489 10.811569 173214 1009
1297702159 1648546 59.768729 10.811485 51984 1020
1297702160 1649556 59.768729 10.811485 74471 1010
1297702161 1650566 59.769189 10.811255 94848 1010
1297702162 1651576 59.769427 10.811098 121842 1010
1297702163 1652586 59.769427 10.811098 72504 1010
1297702164 1653596 59.769878 10.810686 55090 1010
1297702165 1654606 59.770094 10.810449 113544 1010
1297702166 1655616 59.770094 10.810449 89516 1010
1297702167 1656648 59.770512 10.809898 144310 1031
1297702168 1657666 59.7707 10.809599 131328 1018
1297702170 1658856 59.7707 10.809599 36223 1190
1297702171 1659866 59.771085 10.808965 56088 1010
1297702172 1660886 59.771285 10.80863 90288 1020
1297702173 1661906 59.771285 10.80863 80726 1020
1297702174 1662916 59.771684 10.808034 81981 1010
1297702175 1664067 59.771889 10.807738 105475 1151
1297702176 1665077 59.772102 10.807445 107521 1010
1297702177 1666086 59.772317 10.80717 106424 1008
1297702178 1667107 59.772533 10.806894 120634 1021
1297702179 1668117 59.772757 10.806622 140077 1010
1297702180 1669127 59.77298 10.80635 159509 1010
1297702181 1670137 59.773207 10.806095 167034 1010
1297702182 1671157 59.773435 10.805823 151700 1020
1297702183 1672167 59.773661 10.805569 177387 1010
1297702184 1673177 59.773894 10.805335 189739 1010
1297702185 1674327 59.774133 10.805084 226172 1150
1297702186 1675337 59.774373 10.804853 192888 1010
1297702187 1676347 59.774618 10.804623 128552 1010
1297702188 1677367 59.774863 10.804392 183312 1020
1297702189 1678377 59.775102 10.804179 166868 1010
1297702190 1679397 59.775357 10.803969 197879 1020
1297702191 1680417 59.775608 10.80376 203039 1020
1297702192 1681427 59.775859 10.80355 146376 1010
1297702193 1682457 59.776123 10.803344 98496 1030
1297702194 1683477 59.776377 10.803151 61681 1006
1297702195 1684487 59.7769 10.802774 72504 1010
1297702196 1685497 59.7769 10.802774 103968 1010
1297702197 1686507 59.777419 10.802448 68769 1010
1297702198 1687517 59.777694 10.802284 76608 1010
1297702199 1688547 59.777694 10.802284 76608 1018
1297702200 1689557 59.778241 10.802007 61670 1010
1297702201 1690587 59.778515 10.801859 56088 1030
1297702202 1691597 59.778515 10.801859 68400 1010
1297702203 1692607 59.779074 10.801624 61832 1010
1297702204 1693627 59.77936 10.801518 87552 1008
1297702205 1694647 59.77936 10.801518 64296 1020
1297702206 1695667 59.779939 10.801328 39672 1020
1297702208 1696767 59.780224 10.80124 13135 1100
1297702209 1697787 59.780224 10.80124 53352 1020
1297702210 1698797 59.780786 10.80106 89690 1002
1297702211 1699807 59.78107 10.80099 125364 1010
1297702212 1700818 59.78107 10.80099 132116 1011
1297702213 1701838 59.781614 10.800877 132909 1020
1297702214 1702847 59.781881 10.800817 139428 1009
1297702215 1703857 59.781881 10.800817 120321 1001
1297702216 1704868 59.782418 10.800739 183312 1011
1297702217 1705878 59.782677 10.800714 176406 1010
1297702218 1707278 59.78293 10.800707 175628 1400
1297702219 1708288 59.783188 10.800699 150480 1010
1297702220 1709303 59.783441 10.800692 133669 1015
1297702221 1710308 59.783696 10.800667 166141 1005
1297702222 1711318 59.783953 10.800663 216862 1010
1297702223 1712528 59.784205 10.800673 252056 1210
1297702224 1713538 59.784698 10.800672 266760 1010
1297702225 1714568 59.784947 10.800665 153125 1017
1297702226 1715588 59.784947 10.800665 180576 1020
1297702227 1716598 59.785431 10.800626 112823 1010
1297702228 1717608 59.785675 10.80058 165528 1010
1297702229 1718618 59.785675 10.80058 134007 1010
1297702230 1719628 59.786144 10.800427 157320 1003
1297702231 1720638 59.786381 10.800325 103774 1010
1297702232 1721648 59.786381 10.800325 123120 1010
1297702233 1722658 59.786835 10.80015 110808 1010
1297702235 1723929 59.787067 10.800063 16384 1271
1297702236 1724938 59.787294 10.799976 126787 1009
1297702237 1726008 59.787522 10.799888 31464 1070
1297702238 1727088 59.787749 10.799801 21888 1080
1297702239 1728238 59.787967 10.799728 13680 1150
1297702240 1729308 59.788198 10.799658 8208 1070
1297702273 1761960 59.796307 10.802632 2736 32652
1297702274 1763039 59.796566 10.802645 71136 1079
1297702275 1764059 59.796831 10.802697 67032 1020
1297702276 1765086 59.797087 10.802746 94392 1002
1297702277 1766479 59.797348 10.802794 4607 1393
1297702278 1767480 59.797603 10.80286 51984 1001
1297702279 1768510 59.798129 10.803051 95188 1030
1297702280 1769520 59.798129 10.803051 84562 1010
1297702281 1770529 59.798647 10.803277 90113 1009
1297702282 1771650 59.798904 10.803417 75584 1121
1297702283 1772670 59.798904 10.803417 100597 1020
1297702285 1773820 59.799411 10.803692 93205 1150
1297702286 1774850 59.799674 10.803814 89333 1030
1297702287 1775880 59.799674 10.803814 63010 1030
1297702288 1776889 59.800189 10.804036 53611 1009
1297702289 1777900 59.80045 10.804123 70059 1011
1297702290 1779069 59.800713 10.804193 66390 1169
1297702291 1780080 59.800974 10.804241 69768 1011
1297702292 1781099 59.801241 10.804258 53547 1019
1297702293 1782120 59.801501 10.804271 42266 1021
1297702294 1783130 59.801765 10.804285 56225 1010
1297702297 1786591 59.802801 10.80428 28728 3461
1297702298 1787601 59.802801 10.80428 95809 1010
1297702300 1788811 59.803319 10.804286 60318 1210
1297702301 1789821 59.803577 10.804317 93572 1010
1297702302 1790831 59.803577 10.804317 125606 1010
1297702303 1791841 59.804096 10.804396 91634 1010
1297702306 1794819 59.804852 10.804608 107571 2978
1297702307 1795849 59.805092 10.804706 52086 1030
1297702308 1796877 59.805092 10.804706 79413 1028
1297702309 1797899 59.805571 10.804881 86873 1012
1297702310 1798909 59.805791 10.804972 85957 1010
1297702311 1799929 59.806024 10.805066 110436 1020
1297702312 1800939 59.806253 10.805143 57525 1010
1297702313 1801979 59.806476 10.805199 95760 1040
1297702314 1803009 59.806692 10.805251 111081 1019
1297702315 1804209 59.806911 10.805269 119819 1200
1297702316 1805219 59.807119 10.805266 90329 1010
1297702317 1806229 59.80732 10.805242 99203 1010
1297702318 1807239 59.807516 10.805197 115791 1010
1297702319 1808240 59.807707 10.805152 139536 1001
1297702320 1809259 59.807893 10.805069 99588 1019
1297702321 1810379 59.808078 10.805003 76608 1120
1297702322 1811559 59.808254 10.804899 61949 1180
1297702324 1812770 59.808615 10.804673 45144 1211
1297702325 1813789 59.808785 10.804548 120384 1005
1297702326 1814809 59.808785 10.804548 84443 1020
1297702327 1815831 59.80913 10.804243 49248 1022
1297702328 1817440 59.809288 10.804059 46512 1609
1297702329 1818449 59.809427 10.803868 62928 1009
1297702330 1819459 59.809569 10.803642 121073 1010
1297702331 1820460 59.809689 10.803427 114852 1001
1297702332 1821570 59.809905 10.80297 121073 1110
1297702334 1822780 59.810005 10.802748 163712 1210
1297702335 1824010 59.810099 10.802523 162668 1230
1297702336 1825200 59.81019 10.802315 136009 1190
1297702337 1826210 59.810277 10.802108 89154 1010
1297702338 1827451 59.810363 10.801918 136700 1241
1297702339 1828470 59.810441 10.801725 153479 1019
1297702340 1829650 59.810518 10.801549 126892 1180
1297702341 1830652 59.810641 10.801222 133647 1002
1297702342 1831660 59.810696 10.801057 137752 1008
1297702343 1832671 59.810696 10.801057 138713 1011
1297702344 1833680 59.810788 10.800773 165737 1009
1297702345 1834681 59.810831 10.800657 145267 1001
1297702346 1835690 59.810831 10.800657 145357 1009
1297702347 1836691 59.810909 10.800478 157729 1001
1297702348 1837700 59.810948 10.800414 156321 1009
1297702349 1838711 59.810948 10.800414 117520 1011
1297702350 1839720 59.810995 10.800316 81546 1009
1297702351 1840730 59.811015 10.800284 91534 1010
1297702353 1841861 59.811015 10.800284 125510 1131
1297702354 1842951 59.811017 10.800264 132710 1090
1297702355 1843952 59.811008 10.800239 170319 1001
1297702356 1845090 59.811002 10.800219 101802 1138
1297702357 1846091 59.811006 10.800219 49005 1001
1297702358 1847132 59.811003 10.800215 77976 1041
1297702359 1848150 59.811008 10.800215 84264 1018
1297702360 1849152 59.811008 10.800215 117648 1002
1297702361 1850330 59.811006 10.800233 109552 1005
1297702362 1851340 59.811011 10.800233 125856 1010
1297702363 1852350 59.811011 10.800233 105152 1010
1297702364 1853360 59.811015 10.800233 143542 1010
1297702365 1854380 59.811009 10.800212 125613 1020
1297702366 1855400 59.811002 10.800209 148313 1004
1297702367 1856410 59.811006 10.800209 157320 1010
1297702368 1857421 59.810999 10.800205 154663 1011
1297702369 1858432 59.811005 10.800188 216144 1011
1297702370 1859433 59.811 10.800202 150337 1001
1297702371 1860461 59.811004 10.800202 201096 1018
1297702372 1861462 59.811004 10.800202 202464 1001
1297702373 1862471 59.811001 10.800199 165461 1009
1297702374 1863491 59.811001 10.800199 157320 1020
1297702375 1864511 59.810995 10.800216 109650 1020
1297702376 1865521 59.810995 10.800216 168264 1010
1297702377 1866621 59.810994 10.800234 57803 1100
1297702378 1867641 59.811002 10.800237 61560 1020
1297702379 1868651 59.811002 10.800237 103594 1010
1297702381 1869850 59.811006 10.800237 39672 1199
1297702382 1870891 59.811014 10.80024 82080 1030
1297702383 1871901 59.811014 10.80024 78144 1010
1297702384 1872912 59.811047 10.800271 51984 1011
1297702385 1873971 59.811047 10.800271 83025 1059
1297702386 1875381 59.811035 10.800268 131328 1410
1297702387 1876401 59.811041 10.800274 94306 1020
1297702388 1877431 59.811058 10.800264 87552 1030
1297702389 1878621 59.811107 10.800287 65005 1190
1297702390 1879641 59.811146 10.800248 47880 1020
1297702391 1880661 59.811146 10.800248 34200 1020
1297702393 1881861 59.81121 10.800187 31996 1009
1297702394 1882891 59.811225 10.800155 32832 1030
1297702395 1883911 59.811225 10.800155 34200 1020
1297702396 1884941 59.811296 10.800112 30096 1030
1297702397 1885961 59.811355 10.80008 34752 1020
1297702398 1887001 59.811414 10.800047 41993 1040
1297702399 1888021 59.811498 10.800021 65084 1020
1297702400 1889051 59.811596 10.799964 59476 1030
1297702401 1890061 59.811696 10.799889 71136 1010
1297702402 1891091 59.811798 10.799835 66841 1030
1297702403 1892111 59.811908 10.799766 63736 1020
1297702404 1893121 59.812023 10.799698 64296 1010
1297702405 1894122 59.812155 10.799595 37559 1001
1297702406 1895131 59.812285 10.799509 46512 1009
1297702407 1896132 59.81242 10.799409 53978 1001
1297702408 1897141 59.812548 10.799327 72259 1009
1297702409 1898161 59.812673 10.799258 52829 1020
1297702420 1909574 59.814637 10.79777 16416 11413
1297702422 1910763 59.814637 10.79777 34445 1189
1297702423 1911784 59.815016 10.797464 42408 1021
1297702424 1912834 59.81521 10.797293 51779 1050
1297702425 1913835 59.81521 10.797293 76232 1001
1297702426 1914845 59.815597 10.79699 102241 1010
1297702427 1915915 59.815811 10.796864 92543 1070
1297702428 1916986 59.816029 10.796738 127245 1071
1297702429 1918205 59.816244 10.796647 151139 1219
1297702430 1919215 59.816471 10.79656 134080 1010
1297702431 1920225 59.816709 10.796493 118194 1010
1297702432 1921326 59.816946 10.796482 94443 1101
1297702433 1922335 59.817187 10.796472 135066 1009
1297702434 1923395 59.817439 10.79652 103069 1060
1297702435 1924415 59.817696 10.796568 138789 1020
1297702436 1925475 59.817954 10.796638 106613 1060
1297702437 1926485 59.818222 10.796745 58824 1010
1297702438 1927605 59.818717 10.797 19152 1120
1297702439 1928645 59.818717 10.797 12312 1028
1297702440 1929695 59.819207 10.797272 14916 1050
1297702442 1930885 59.819458 10.79739 17784 1190
1297702443 1931915 59.819458 10.79739 17784 1030
1297702444 1932955 59.819997 10.797567 27360 1040
1297702445 1933985 59.820278 10.797623 24520 1030
1297702446 1935085 59.820557 10.797643 35690 1100
1297702447 1936135 59.820833 10.797659 50842 1050
1297702448 1937307 59.821119 10.797662 67481 1172
1297702449 1938315 59.821407 10.797682 96067 1008
1297702450 1939325 59.821692 10.797685 67047 1010
1297702451 1940345 59.82199 10.797691 66444 1020
1297702452 1941375 59.822283 10.797697 13169 1030
1297702453 1942385 59.822578 10.79772 54069 1010
1297702454 1943395 59.822876 10.797726 87898 1010
1297702455 1944415 59.823181 10.797735 69694 1008
1297702456 1945435 59.823478 10.797741 62979 1020
1297702457 1946445 59.823776 10.797747 58512 1010
1297702458 1947465 59.824073 10.797753 104011 1020
1297702459 1948466 59.824364 10.797777 83905 1001
1297702460 1949485 59.824662 10.797783 85045 1008
1297702461 1950685 59.825252 10.797795 104832 1200
1297702462 1951705 59.825545 10.797801 121372 1020
1297702463 1952715 59.825545 10.797801 117648 1010
1297702464 1953726 59.826123 10.797809 106435 1011
1297702466 1954766 59.826407 10.797829 126082 1016
1297702467 1955776 59.826407 10.797829 131320 1010
1297702468 1956780 59.826965 10.797831 139771 1004
1297702469 1957785 59.827243 10.79783 159636 1005
1297702470 1958786 59.827243 10.79783 116555 1001
1297702471 1959946 59.827781 10.797826 157460 1148
1297702472 1961126 59.828041 10.797839 226096 1180
1297702473 1962127 59.828287 10.797828 213467 1001
1297702474 1963146 59.82854 10.797821 239296 1019
1297702475 1964155 59.828783 10.797793 206984 1009
1297702476 1965156 59.829018 10.797761 214446 1001
1297702477 1966166 59.829245 10.797726 229359 1010
1297702478 1967176 59.82947 10.797674 238907 1010
1297702479 1968236 59.829686 10.797618 221122 1060
1297702480 1969246 59.829899 10.797562 200607 1010
1297702481 1970346 59.830094 10.797517 187752 1091
1297702482 1971376 59.830297 10.797476 185157 1030
1297702483 1972516 59.830669 10.797379 219166 1140
1297702484 1973646 59.830669 10.797379 269271 1130
1297702485 1974656 59.831014 10.797293 253080 1010
1297702486 1975666 59.831181 10.797256 256745 1002
1297702487 1976676 59.831181 10.797256 154526 1010
1297702488 1977686 59.83149 10.797174 176696 1010
1297702489 1978696 59.831639 10.797112 217312 1010
1297702491 1979896 59.831639 10.797112 270642 1200
1297702492 1980900 59.83192 10.797021 210672 1004
1297702493 1981906 59.832043 10.79697 160711 1006
1297702494 1983036 59.83217 10.796919 235649 1130
1297702495 1984186 59.832285 10.796865 244938 1150
1297702496 1985376 59.832399 10.796828 235686 1190
1297702497 1986386 59.832513 10.796792 229824 1010
1297702498 1987387 59.832626 10.796755 157723 1001
1297702499 1988396 59.83274 10.796718 147744 1009
1297702500 1989406 59.832866 10.796685 131328 1010
1297702501 1990436 59.832985 10.796669 99864 1030
1297702502 1991456 59.833105 10.796653 88920 1020
1297702503 1992477 59.833231 10.796658 98899 1021
1297702504 1993486 59.833477 10.796648 145008 1009
1297702505 1994546 59.833477 10.796648 73146 1060
1297702506 1995566 59.833723 10.796637 53352 1020
1297702507 1996627 59.833853 10.796642 38304 1047
1297702508 1997647 59.833853 10.796642 60192 1020
1297702509 1998667 59.834103 10.79667 75104 1020
1297702510 1999706 59.83422 10.796689 105336 1039
1297702511 2000707 59.83422 10.796689 81007 1001
1297702513 2001777 59.834475 10.796716 82337 1058
1297702514 2002787 59.834592 10.796736 106704 1010
1297702515 2003797 59.834592 10.796736 101246 1010
1297702516 2004817 59.834829 10.796777 165528 1020
1297702517 2005827 59.8349546666667 10.7968183333333 96973 1010
1297702518 2006847 59.8350803333333 10.7968596666667 120384 1012
1297702519 2007857 59.835206 10.796901 128592 1010
1297702520 2008858 59.835336 10.796945 101205 1001
1297702521 2009867 59.835336 10.796945 114912 1009
1297702522 2010887 59.835595 10.797014 92691 1020
1297702523 2011907 59.835727 10.79704 123120 1011
1297702524 2012918 59.835727 10.79704 113544 1011
1297702525 2013937 59.835979 10.797088 101325 1018
1297702526 2014947 59.836111 10.797114 90431 1010
1297702527 2015967 59.836245 10.797123 135432 1019
1297702528 2016987 59.836378 10.797131 105982 1009
1297702529 2017997 59.83651 10.797157 116432 1010
1297702530 2019017 59.836645 10.797148 134064 1020
1297702531 2020077 59.836774 10.797156 127618 1060
1297702532 2021087 59.836914 10.797147 169632 1010
1297702533 2022088 59.837049 10.797138 134542 1001
1297702534 2023097 59.837183 10.797146 179208 1009
1297702535 2024107 59.837318 10.797137 137469 1010
1297702536 2025117 59.837459 10.797111 147744 1010
1297702537 2026130 59.837601 10.797105 106967 1013
1297702538 2027137 59.837741 10.797096 123120 1007
1297702539 2028277 59.837889 10.797072 100385 1140
1297702540 2029304 59.838044 10.79707 65664 1027
1297702541 2030307 59.838199 10.797067 67032 1003
1297702542 2031309 59.83836 10.797047 84816 1002
1297702543 2032338 59.838531 10.797048 104702 1020
1297702544 2033349 59.838707 10.797035 113544 1011
1297702545 2034357 59.838886 10.797039 90641 1008
1297702546 2035367 59.839062 10.797026 106704 1010
1297702547 2036387 59.839241 10.79703 69860 1020
1297702548 2037417 59.839429 10.79702 76608 1019
1297702549 2038427 59.83963 10.797014 68400 1010
1297702550 2039457 59.839824 10.797025 41040 1030
1297702551 2040707 59.840237 10.797053 23154 1250
1297702552 2041708 59.840444 10.797106 9576 1001
1297702556 2045669 59.841065 10.797313 24592 3949
1297702557 2046678 59.841473 10.797541 94893 1009
1297702558 2047710 59.84167 10.797699 27360 1032
1297702559 2048728 59.84167 10.797699 13140 1018
1297702561 2049788 59.842053 10.798081 19152 1060
1297702565 2054219 59.842772 10.799154 9528 4431
1297702566 2055258 59.842946 10.799449 34652 1039
1297702567 2056338 59.843099 10.799754 46512 1080
1297702568 2057348 59.843237 10.800091 105607 1010
1297702569 2058498 59.843368 10.800408 144391 1150
1297702570 2059639 59.84363 10.801005 170639 1141
1297702571 2060640 59.84363 10.801005 156188 1001
1297702573 2061808 59.843942 10.801546 134185 1168
1297702574 2062818 59.844122 10.801771 166896 1010
1297702575 2063828 59.844122 10.801771 158039 1010
1297702576 2064838 59.844498 10.802132 151848 1010
1297702577 2065839 59.84469 10.802269 167124 1001
1297702578 2067018 59.8449 10.802392 186790 1179
1297702579 2068169 59.845119 10.8025 223051 1151
1297702580 2069289 59.845332 10.802627 227657 1111
1297702581 2070369 59.84555 10.802735 217185 1080
1297702582 2071469 59.845769 10.802844 237795 1100
1297702583 2072488 59.84599 10.802935 230886 1019
1297702584 2073489 59.84621 10.803026 191520 1001
1297702585 2074499 59.846641 10.803131 215400 1002
1297702586 2075529 59.846641 10.803131 215525 1030
1297702587 2076530 59.847078 10.803128 306810 1001
1297702588 2077531 59.847292 10.803107 266293 1001
1297702589 2078538 59.847292 10.803107 302258 1007
1297702590 2079549 59.847722 10.80294 204992 1002
1297702591 2080559 59.847931 10.80279 209602 1010
1297702593 2081770 59.847931 10.80279 244503 1211
1297702594 2082779 59.848333 10.80243 244872 1009
1297702595 2083780 59.848528 10.802204 51984 1001
1297702596 2085009 59.848705 10.801952 100954 1217
1297702597 2086011 59.848875 10.80168 102600 1002
1297702598 2087019 59.849039 10.801388 87552 1008
1297702599 2088039 59.849181 10.801071 54720 1020
1297702600 2089109 59.849327 10.800754 23941 1070
1297702601 2090339 59.8494295714286 10.8003984285714 4104 1230
1297702607 2095857 59.850045 10.798265 1368 5518
1297702609 2098230 59.850012 10.797367 207137 2373
1297702610 2099249 59.849984 10.796923 113544 1019
1297702611 2100521 59.849884 10.796039 55701 1272
1297702612 2101527 59.849834 10.795623 138905 1006
1297702613 2102530 59.849834 10.795623 187076 1003
1297702614 2103531 59.849703 10.794803 211704 1001
1297702615 2104541 59.849624 10.794433 99552 1010
1297702616 2105549 59.849624 10.794433 69795 1008
1297702617 2106550 59.849454 10.79369 134064 1001
1297702618 2107558 59.849371 10.793321 74414 1008
1297702619 2108569 59.849371 10.793321 112569 1011
1297702621 2109759 59.8492 10.792595 131415 1190
1297702622 2110779 59.84912 10.792243 110808 1020
1297702623 2111819 59.84912 10.792243 47880 1040
1297702624 2112850 59.849003 10.7915 20520 1031
1297702625 2113910 59.848958 10.791122 16841 1060
1297702626 2115060 59.848941 10.790738 15048 1150
1297702664 2153391 59.854002 10.784688 13680 38331
1297702665 2154420 59.854184 10.7848 35568 1029
1297702666 2155440 59.85437 10.784916 69768 1020
1297702667 2156460 59.854558 10.78505 35753 1020
1297702668 2157651 59.854945 10.785303 69987 1191
1297702669 2158681 59.855147 10.785422 79111 1030
1297702671 2159921 59.855147 10.785422 86188 1240
1297702672 2160922 59.855547 10.785661 84694 1001
1297702673 2161941 59.85576 10.785749 36936 1019
1297702674 2163087 59.855977 10.785836 37656 1026
1297702675 2164101 59.8562 10.785892 56010 1014
1297702676 2165161 59.856422 10.785927 62177 1060
1297702677 2166191 59.856645 10.785945 61560 1030
1297702678 2167203 59.856877 10.785948 58605 1012
1297702679 2168211 59.857111 10.785934 58404 1008
1297702680 2169261 59.857335 10.785934 44054 1050
1297702681 2170481 59.857795 10.785902 71350 1220
1297702682 2171501 59.857795 10.785902 75931 1020
1297702684 2173111 59.858258 10.785926 72158 1610
1297702685 2174331 59.858484 10.785947 47880 1220
1297702692 2181150 59.860053 10.786479 21888 6819
1297702693 2182160 59.860284 10.7865 46596 1010
1297702694 2183170 59.86051 10.786483 130330 1010
1297702695 2184171 59.860734 10.78643 161372 1001
1297702696 2185172 59.860958 10.786339 195225 1001
1297702697 2186190 59.86118 10.78623 187261 1018
1297702698 2187191 59.861393 10.786119 281300 1001
1297702699 2188241 59.861609 10.785972 288493 1050
1297702700 2189252 59.861814 10.785821 398735 1011
1297702701 2190261 59.862024 10.785654 383580 1009
1297702702 2191402 59.86224 10.785507 421874 1141
1297702703 2192521 59.862443 10.785374 495613 1119
1297702704 2193522 59.862868 10.785129 560492 1001
1297702705 2194531 59.863087 10.785056 543705 1009
1297702706 2195543 59.863087 10.785056 381989 1001
1297702707 2196551 59.863529 10.784944 292867 1008
1297702708 2197571 59.863757 10.784909 173031 1020
1297702709 2198651 59.863757 10.784909 214100 1080
1297702710 2199652 59.864196 10.784871 337896 1001
1297702711 2200663 59.864416 10.784832 262294 1001
1297702712 2201664 59.864416 10.784832 410845 1001
1297702713 2202751 59.864869 10.784727 459604 1087
1297702715 2203801 59.865083 10.784615 480290 1050
1297702716 2204951 59.865305 10.784489 560844 1150
1297702717 2205952 59.86552 10.78436 524728 1001
1297702718 2206953 59.865732 10.784213 458144 1001
1297702719 2207971 59.865964 10.784111 450730 1018
1297702720 2208972 59.866191 10.784009 431905 1001
1297702721 2209973 59.866391 10.783873 455668 1001
1297702722 2210992 59.866616 10.78382 456057 1011
1297702723 2212002 59.86684 10.783768 418608 1010
1297702724 2213003 59.867068 10.783771 368940 1001
1297702725 2214091 59.867286 10.783789 594684 1088
1297702726 2215093 59.867506 10.783789 664848 1002
1297702727 2216106 59.86772 10.783768 212717 1013
1297702728 2217111 59.867944 10.783715 351576 1005
1297702729 2218232 59.868169 10.783662 331735 1121
1297702730 2219234 59.86839 10.783592 294120 1001
1297702731 2220241 59.868626 10.78349 212040 1007
1297702732 2221253 59.86884 10.783326 224352 1001
1297702733 2222271 59.869067 10.783186 187416 1018
1297702734 2223272 59.869286 10.783004 73872 1001
1297702735 2224291 59.869506 10.782807 80712 1019
1297702736 2225311 59.869714 10.78259 44546 1020
1297702737 2226332 59.869929 10.782394 86184 1021
1297702738 2227342 59.870145 10.78218 106704 1010
1297702739 2228371 59.870352 10.781942 60192 1029
1297702755 2244043 59.870791 10.781574 16384 15672
1297702761 2249891 59.875431 10.777949 86216 5843
1297702762 2250900 59.875951 10.777538 43880 1009
1297702763 2252041 59.876208 10.777348 132699 1141
1297702764 2253092 59.876462 10.777141 144603 1051
1297702765 2254201 59.876719 10.776951 166143 1025
1297702766 2255211 59.876977 10.776762 123606 1010
1297702767 2256221 59.877234 10.776572 115842 1010
1297702768 2257241 59.877477 10.776358 144390 1020
1297702769 2258251 59.877733 10.776186 121745 1010
1297702770 2259451 59.878004 10.776021 142712 1121
1297702771 2260471 59.878261 10.775869 143369 1020
1297702772 2261521 59.878515 10.775701 127545 1050
1297702773 2262541 59.879038 10.775387 123120 1020
1297702774 2263542 59.879301 10.775204 101606 1001
1297702775 2264561 59.879301 10.775204 104222 1007
1297702776 2265581 59.879782 10.774766 51146 1020
1297702778 2266841 59.880009 10.774548 56088 1260
1297702779 2267842 59.880009 10.774548 146541 1001
1297702780 2268851 59.880454 10.774058 149997 1009
1297702781 2269961 59.880672 10.773841 188933 1110
1297702782 2270962 59.880893 10.773627 170763 1001
1297702783 2271971 59.881093 10.773382 175213 1009
1297702784 2272981 59.881311 10.773126 148869 1010
1297702785 2273991 59.881507 10.772882 90403 1010
1297702786 2275021 59.881694 10.772612 84447 1019
1297702787 2276161 59.88189 10.772368 147485 1140
1297702788 2277162 59.882088 10.772182 189634 1001
1297702789 2278171 59.882293 10.772018 117648 1009
1297702790 2279191 59.8825 10.77187 79200 1020
1297702791 2280342 59.8825 10.77187 92167 1151
1297702815 2304389 59.8876831111111 10.7676628888889 56088 24047
1297702816 2305459 59.8878990740741 10.7674875925926 102340 1070
1297702817 2306460 59.888115037037 10.7673122962963 157007 1001
1297702818 2307469 59.888331 10.767137 121547 1009
1297702819 2308479 59.888746 10.766619 118979 1010
1297702820 2309669 59.888746 10.766619 80793 1189
1297702821 2310670 59.889063 10.766011 123244 1001
1297702822 2311680 59.889235 10.765721 108653 1010
1297702823 2312720 59.889235 10.765721 128708 1040
1297702824 2313740 59.889554 10.765148 190934 1020
1297702825 2314750 59.889721 10.76482 183321 1010
1297702827 2315759 59.889721 10.76482 159032 1009
1297702828 2316762 59.890019 10.764115 145008 1003
1297702829 2317789 59.890149 10.763738 98849 1027
1297702830 2318989 59.890292 10.763364 118857 1189
1297702831 2320129 59.890428 10.763008 191216 1140
1297702832 2321139 59.890582 10.762655 131760 1010
1297702833 2322150 59.890736 10.762324 116280 1011
1297702834 2323159 59.890899 10.762009 62520 1009
1297702835 2324160 59.891064 10.761698 125856 1001
1297702836 2325190 59.891233 10.761405 69979 1030
1297702837 2326199 59.891412 10.761118 97128 1009
1297702838 2327230 59.891595 10.760849 52465 1031
1297702839 2328270 59.891777 10.76058 31464 1040
1297702840 2329280 59.89197 10.760332 15048 1010
1297702841 2330310 59.892159 10.760083 30096 1030
1297702842 2331316 59.89236 10.759838 69768 1006
1297702843 2332330 59.892548 10.75959 77604 1014
1297702844 2333350 59.892741 10.759342 95497 1020
1297702845 2334360 59.892934 10.759093 53352 1010
1297702846 2335370 59.893135 10.758887 73245 1010
1297702847 2336380 59.893332 10.758695 128142 1010
1297702848 2337400 59.893536 10.758506 149233 1020
1297702849 2338401 59.89374 10.758317 163143 1001
1297702850 2339410 59.893944 10.758127 161364 1009
1297702851 2340411 59.894134 10.757953 177009 1001
1297702852 2341420 59.894327 10.757743 150648 1009
1297702853 2342440 59.894513 10.75753 161122 1020
1297702854 2343600 59.894876 10.757142 138967 1160
1297702855 2344601 59.895056 10.756946 210672 1001
1297702856 2345610 59.895056 10.756946 115214 1009
1297702857 2346621 59.895406 10.756554 173061 1011
1297702858 2347640 59.895572 10.756373 147744 1019
1297702859 2348641 59.895572 10.756373 118974 1001
1297702860 2349660 59.895905 10.756048 135432 1006
1297702861 2350670 59.896076 10.755905 42408 1010
1297702862 2351720 59.896076 10.755905 24971 1050
1297702863 2352721 59.896401 10.755669 21888 1001
1297702865 2353770 59.896567 10.755578 20520 1049
1297702866 2354870 59.896567 10.755578 17784 1019
1297702867 2355930 59.896885 10.755429 25992 1060
1297702868 2356960 59.897046 10.755356 30096 1030
1297702869 2358410 59.897201 10.755315 15048 1450
1297702870 2359420 59.897349 10.755292 107207 1009
1297702871 2360451 59.89751 10.755271 36936 1031
1297702872 2361470 59.897665 10.755269 24624 1019
1297702873 2362511 59.897968 10.755295 25992 1041
1297702875 2363833 59.897968 10.755295 15048 1322
1297702877 2365843 59.898395 10.755453 16384 2009
1297702878 2366851 59.898395 10.755453 207553 1008
1297702879 2367861 59.898668 10.755652 94999 1010
1297702880 2368997 59.898806 10.755789 138971 1136
1297702881 2370142 59.898947 10.75591 200140 1145
1297702882 2371240 59.899078 10.756044 193248 1098
1297702883 2372242 59.899212 10.756182 256394 1002
1297702884 2373251 59.899343 10.756316 239915 1009
1297702885 2374261 59.899473 10.756468 241463 1010
1297702886 2375262 59.899598 10.75662 280851 1001
1297702887 2376271 59.899726 10.75679 239553 1009
1297702888 2377272 59.899851 10.756942 231962 1001
1297702889 2378282 59.899967 10.757108 256022 1010
1297702890 2379291 59.900086 10.757292 299350 1009
1297702891 2380292 59.900201 10.757476 307880 1001
1297702892 2381293 59.900327 10.757663 295965 1001
1297702893 2382312 59.900431 10.757878 395935 1008
1297702894 2383319 59.900543 10.758097 350348 1007
1297702895 2384321 59.900634 10.758327 341005 1002
1297702896 2385322 59.900735 10.758578 319366 1001
1297702897 2386332 59.900822 10.758842 405334 1010
1297702898 2387351 59.900902 10.759104 350957 1009
1297702899 2388352 59.900982 10.759366 312132 1001
1297702900 2389353 59.901049 10.759641 347472 1001
1297702901 2390362 59.901116 10.7599 274322 1009
1297702902 2391363 59.901178 10.760175 302409 1001
1297702903 2392542 59.901322 10.760695 352625 1170
1297702904 2393732 59.901322 10.760695 364614 1190
1297702905 2394733 59.901453 10.761212 389606 1001
1297702907 2395892 59.901524 10.761473 391964 1159
1297702908 2396902 59.901524 10.761473 333792 1010
1297702909 2397912 59.901641 10.762004 191327 1002
1297702910 2398922 59.901703 10.76228 183312 1010
1297702911 2399931 59.901703 10.76228 123120 1009
1297702912 2400932 59.901808 10.762807 227495 1001
1297702913 2401952 59.901875 10.763083 325584 1020
1297702914 2402992 59.901943 10.763341 166896 1032
1297702915 2404011 59.90202 10.763585 71043 1019
1297702916 2405012 59.902087 10.763843 165528 1001
1297702917 2406042 59.902164 10.764087 210672 1030
1297702918 2407043 59.902247 10.764314 285907 1001
1297702919 2408132 59.902324 10.764558 307360 1034
1297702920 2409142 59.90241 10.764787 228456 1010
1297702921 2410152 59.902488 10.765014 163016 1010
1297702922 2411172 59.902579 10.765244 239400 1020
1297702923 2412182 59.902665 10.765474 164455 1010
1297702924 2413192 59.902769 10.765689 106704 1010
1297702925 2414212 59.902861 10.765901 112176 1020
1297702926 2415244 59.902953 10.766114 114912 1032
1297702927 2416252 59.903046 10.766308 76608 1008
1297702928 2417262 59.903132 10.7665 58824 1010
1297702934 2423032 59.9037180298507 10.766010238806 20953 5770
1297702995 2484731 59.909676 10.761031 5472 61699
1297703033 2522240 59.910458 10.755282 23256 37509
1297703034 2523249 59.910483 10.75518 51984 1009
1297703035 2524260 59.910507 10.755095 97128 1011
1297703036 2525280 59.910526 10.755011 83041 1020
1297703037 2526290 59.91055 10.754926 117132 1010
1297703038 2527300 59.910561 10.754856 90733 1010
1297703039 2528320 59.910584 10.754772 94287 1019
1297703040 2529322 59.910602 10.754705 67369 1002
1297703041 2530360 59.910616 10.754652 80711 1038
1297703042 2531380 59.910626 10.754582 78768 1020
1297703043 2532400 59.910635 10.754529 63566 1020
1297703044 2533620 59.910654 10.754459 97936 1220
1297703045 2534690 59.910654 10.754459 122424 1070
1297703046 2535545 59.910653 10.754438 99803 855
